1.00 -1.36 1700.00
3.00 -1.36 1700.00
5.00 -1.35 1700.00
7.00 -1.35 1700.00
9.00 -1.34 1700.00
11.00 -1.34 1700.00
13.00 -1.33 1700.00
15.00 -1.31 1700.00
17.00 -1.30 1700.00
19.00 -1.29 1700.00
21.00 -1.27 1700.00
23.00 -1.25 1700.00
25.00 -1.23 1700.00
27.00 -1.21 1700.00
29.00 -1.19 1700.00
31.00 -1.17 1700.00
33.00 -1.14 1700.00
35.00 -1.11 1700.00
37.00 -1.09 1700.00
39.00 -1.05 1700.00
41.00 -1.02 1700.00
43.00 -0.99 1700.00
45.00 -0.95 1700.00
47.00 -0.92 1700.00
49.00 -0.88 1700.00
51.00 -0.84 1700.00
53.00 -0.79 1700.00
55.00 -0.75 1700.00
57.00 -0.70 1700.00
59.00 -0.66 1700.00
61.00 -0.61 1700.00
63.00 -0.56 1700.00
65.00 -0.50 1700.00
67.00 -0.45 1700.00
69.00 -0.39 1700.00
71.00 -0.33 1700.00
73.00 -0.27 1700.00
75.00 -0.21 1700.00
77.00 -0.14 1700.00
79.00 -0.08 1700.00
81.00 -0.01 1700.00
83.00 0.06 1700.00
85.00 0.13 1700.00
87.00 0.21 1700.00
89.00 0.29 1700.00
91.00 0.37 1700.00
93.00 0.45 1700.00
95.00 0.53 1700.00
97.00 0.62 1700.00
99.00 0.71 1700.00
101.00 0.81 1700.00
103.00 0.90 1700.00
105.00 1.00 1700.00
107.00 1.10 1700.00
109.00 1.21 1700.00
111.00 1.32 1700.00
113.00 1.43 1700.00
115.00 1.55 1700.00
117.00 1.67 1700.00
119.00 1.80 1700.00
121.00 1.93 1700.00
123.00 2.07 1700.00
125.00 2.21 1700.00
127.00 2.36 1700.00
129.00 2.52 1700.00
131.00 2.68 1700.00
133.00 2.85 1700.00
135.00 3.02 1700.00
137.00 3.21 1700.00
139.00 3.40 1700.00
141.00 3.61 1700.00
143.00 3.82 1700.00
145.00 4.05 1700.00
147.00 4.29 1700.00
149.00 4.55 1700.00
151.00 4.81 1700.00
153.00 5.10 1700.00
155.00 5.40 1700.00
157.00 5.72 1700.00
159.00 6.07 1700.00
161.00 6.43 1700.00
163.00 6.82 1700.00
165.00 7.24 1700.00
167.00 7.69 1700.00
169.00 8.16 1700.00
171.00 8.67 1700.00
173.00 9.21 1700.00
175.00 9.79 1700.00
177.00 10.40 1700.00
179.00 11.04 1700.00
181.00 11.72 1700.00
183.00 12.42 1700.00
185.00 13.16 1700.00
187.00 13.92 1700.00
189.00 14.68 1700.00
191.00 15.45 1700.00
193.00 16.18 1700.00
195.00 16.83 1700.00
197.00 17.31 1700.00
199.00 17.51 1700.00
201.00 17.37 1700.00
203.00 17.51 1700.00
205.00 19.67 1700.00
207.00 21.34 1700.00
209.00 20.06 1700.00
211.00 17.60 1700.00
213.00 14.54 1700.00
215.00 10.81 1700.00
217.00 7.50 1700.00
219.00 5.49 1700.00
221.00 0.13 1700.00
223.00 0.07 1700.00
225.00 0.05 1700.00
227.00 0.02 1700.00
229.00 0.01 1700.00
231.00 -0.01 1700.00
233.00 -0.04 1700.00
235.00 -0.06 1700.00
237.00 -0.09 1700.00
239.00 0.01 1700.00
241.00 0.07 1700.00
243.00 -0.03 1700.00
245.00 -0.05 1700.00
247.00 -0.06 1700.00
249.00 -0.07 1700.00
251.00 -0.07 1700.00
253.00 -0.06 1700.00
255.00 -0.05 1700.00
257.00 -0.04 1700.00
259.00 -0.03 1700.00
261.00 -0.02 1700.00
263.00 -0.02 1700.00
265.00 -0.02 1700.00
267.00 -0.03 1700.00
269.00 -0.01 1700.00
271.00 0.02 1700.00
273.00 0.03 1700.00
275.00 0.00 1700.00
277.00 -0.03 1700.00
279.00 -0.10 1700.00
281.00 -0.20 1700.00
283.00 -1.13 1700.00
285.00 -0.81 1700.00
287.00 -0.52 1700.00
289.00 -0.35 1700.00
291.00 -0.25 1700.00
293.00 -0.19 1700.00
295.00 -0.16 1700.00
297.00 -0.14 1700.00
299.00 -0.14 1700.00
301.00 -0.13 1700.00
303.00 -0.13 1700.00
305.00 -0.11 1700.00
307.00 -0.10 1700.00
309.00 -0.10 1700.00
311.00 -0.10 1700.00
313.00 -0.09 1700.00
315.00 -0.09 1700.00
317.00 -0.11 1700.00
319.00 -0.13 1700.00
321.00 -0.12 1700.00
323.00 -0.11 1700.00
325.00 -0.10 1700.00
327.00 -0.10 1700.00
329.00 -0.10 1700.00
331.00 -0.10 1700.00
333.00 -0.10 1700.00
335.00 -0.10 1700.00
337.00 -0.10 1700.00
339.00 -0.12 1700.00
341.00 -0.11 1700.00
343.00 -0.09 1700.00
345.00 -0.07 1700.00
347.00 -0.08 1700.00
349.00 -0.11 1700.00
351.00 -0.13 1700.00
353.00 -0.10 1700.00
355.00 -0.09 1700.00
357.00 -0.12 1700.00
359.00 -0.15 1700.00
361.00 -0.11 1700.00
363.00 -0.08 1700.00
365.00 -0.12 1700.00
367.00 -0.13 1700.00
369.00 -0.12 1700.00
371.00 -0.12 1700.00
373.00 -0.13 1700.00
375.00 -0.14 1700.00
377.00 -0.14 1700.00
379.00 -0.13 1700.00
381.00 -0.13 1700.00
383.00 -0.13 1700.00
385.00 -0.13 1700.00
387.00 -0.11 1700.00
389.00 -0.10 1700.00
391.00 -0.11 1700.00
393.00 -0.13 1700.00
395.00 -0.13 1700.00
397.00 -0.13 1700.00
399.00 -0.12 1700.00
401.00 -0.12 1700.00
403.00 -0.12 1700.00
405.00 -0.13 1700.00
407.00 -0.13 1700.00
409.00 -0.13 1700.00
411.00 -0.12 1700.00
413.00 -0.12 1700.00
415.00 -0.10 1700.00
417.00 -0.07 1700.00
419.00 -0.07 1700.00
421.00 -0.13 1700.00
423.00 -0.14 1700.00
425.00 -0.10 1700.00
427.00 -0.11 1700.00
429.00 -0.15 1700.00
431.00 -0.14 1700.00
433.00 -0.09 1700.00
435.00 -0.07 1700.00
437.00 -0.08 1700.00
439.00 -0.09 1700.00
441.00 -0.13 1700.00
443.00 -0.19 1700.00
445.00 -0.19 1700.00
447.00 -0.16 1700.00
449.00 -0.14 1700.00
451.00 -0.14 1700.00
453.00 -0.13 1700.00
455.00 -0.12 1700.00
457.00 -0.14 1700.00
459.00 -0.13 1700.00
461.00 -0.12 1700.00
463.00 -0.16 1700.00
465.00 -0.16 1700.00
467.00 -0.14 1700.00
469.00 -0.13 1700.00
471.00 -0.12 1700.00
473.00 -0.10 1700.00
475.00 -0.08 1700.00
477.00 -0.05 1700.00
479.00 -0.02 1700.00
481.00 0.02 1700.00
483.00 0.10 1700.00
485.00 0.25 1700.00
487.00 0.50 1700.00
489.00 0.94 1700.00
491.00 1.72 1700.00
493.00 2.97 1700.00
495.00 4.13 1700.00
497.00 0.00 1700.00
499.00 -0.11 1700.00
501.00 -0.06 1700.00
503.00 -0.05 1700.00
505.00 -0.04 1700.00
507.00 -0.04 1700.00
509.00 -0.07 1700.00
511.00 -0.14 1700.00
513.00 -0.07 1700.00
515.00 0.02 1700.00
517.00 -0.03 1700.00
519.00 -0.05 1700.00
521.00 0.04 1700.00
523.00 0.07 1700.00
525.00 -0.14 1700.00
527.00 -0.18 1700.00
529.00 -0.10 1700.00
531.00 -0.07 1700.00
533.00 -0.05 1700.00
535.00 -0.04 1700.00
537.00 -0.03 1700.00
539.00 -0.04 1700.00
541.00 -0.09 1700.00
543.00 -0.11 1700.00
545.00 -0.10 1700.00
547.00 -0.10 1700.00
549.00 -0.09 1700.00
551.00 -0.09 1700.00
553.00 -0.08 1700.00
555.00 -0.17 1700.00
557.00 -5.41 1700.00
559.00 -5.76 1700.00
561.00 -0.14 1700.00
563.00 -0.14 1700.00
565.00 -12.78 1700.00
567.00 -18.49 1700.00
569.00 -10.17 1700.00
571.00 -8.92 1700.00
573.00 -11.24 1700.00
575.00 -8.89 1700.00
577.00 -12.51 1700.00
579.00 -15.66 1700.00
581.00 -14.03 1700.00
583.00 -11.93 1700.00
585.00 -9.91 1700.00
587.00 -8.21 1700.00
589.00 -10.13 1700.00
591.00 -10.10 1700.00
593.00 -7.61 1700.00
595.00 -10.02 1700.00
597.00 23.30 1700.00
599.00 39.83 1700.00
601.00 41.76 1700.00
603.00 38.35 1700.00
605.00 41.51 1700.00
607.00 45.46 1700.00
609.00 48.65 1700.00
611.00 50.09 1700.00
613.00 47.36 1700.00
615.00 44.59 1700.00
617.00 87.05 1700.00
619.00 127.55 1700.00
621.00 120.34 1700.00
623.00 112.75 1700.00
625.00 109.87 1700.00
627.00 108.36 1700.00
629.00 107.18 1700.00
631.00 106.16 1700.00
633.00 105.17 1700.00
635.00 103.88 1700.00
637.00 101.58 1700.00
639.00 63.07 2699.00
641.00 63.44 2699.00
643.00 62.60 2699.00
645.00 59.25 2699.00
647.00 66.26 2699.00
649.00 67.50 2699.00
651.00 50.27 2699.00
653.00 58.84 2699.00
655.00 104.01 2699.00
657.00 117.23 2699.00
659.00 82.27 2699.00
661.00 41.98 2699.00
663.00 37.10 2699.00
665.00 66.24 2699.00
667.00 102.53 2699.00
669.00 107.58 2699.00
671.00 103.02 2699.00
673.00 100.79 2699.00
675.00 100.42 2699.00
677.00 100.85 2699.00
679.00 101.38 2699.00
681.00 101.40 2699.00
683.00 101.13 2699.00
685.00 101.93 2699.00
687.00 97.15 2699.00
689.00 86.52 2699.00
691.00 88.17 2699.00
693.00 123.46 2699.00
695.00 145.50 2699.00
697.00 123.33 2699.00
699.00 75.06 2699.00
701.00 47.73 2699.00
703.00 39.32 2699.00
705.00 38.99 2699.00
707.00 73.49 2699.00
709.00 107.92 2699.00
711.00 110.11 2699.00
713.00 77.48 2699.00
715.00 33.28 2699.00
717.00 20.65 2699.00
719.00 34.04 2699.00
721.00 34.87 2699.00
723.00 18.33 2699.00
725.00 11.77 2699.00
727.00 9.16 2699.00
729.00 8.45 2699.00
731.00 9.41 2699.00
733.00 7.81 2699.00
735.00 3.97 2699.00
737.00 0.29 2699.00
739.00 -5.41 2699.00
741.00 -12.99 2699.00
743.00 -17.69 2699.00
745.00 -18.98 2699.00
747.00 -18.63 2699.00
749.00 -16.89 2699.00
751.00 -22.05 2699.00
753.00 -57.57 2699.00
755.00 -92.93 2699.00
757.00 -99.47 2699.00
759.00 -97.99 2699.00
761.00 -99.63 2699.00
763.00 -103.14 2699.00
765.00 -107.46 2699.00
767.00 -111.99 2699.00
769.00 -116.38 2699.00
771.00 -120.48 2699.00
773.00 -124.20 2699.00
775.00 -127.34 2699.00
777.00 -129.79 2699.00
779.00 -133.73 2699.00
781.00 -129.70 2699.00
783.00 -119.45 2699.00
785.00 -128.57 2699.00
787.00 -141.57 2699.00
789.00 -141.29 2699.00
791.00 -140.22 2699.00
793.00 -139.83 2699.00
795.00 -139.60 2699.00
797.00 -139.29 2699.00
799.00 -138.72 2699.00
801.00 -137.85 2699.00
803.00 -136.75 2699.00
805.00 -215.28 1700.00
807.00 -213.46 1700.00
809.00 -211.57 1700.00
811.00 -209.56 1700.00
813.00 -207.47 1700.00
815.00 -205.37 1700.00
817.00 -203.28 1700.00
819.00 -201.17 1700.00
821.00 -199.04 1700.00
823.00 -196.86 1700.00
825.00 -194.63 1700.00
827.00 -192.34 1700.00
829.00 -189.98 1700.00
831.00 -187.53 1700.00
833.00 -185.03 1700.00
835.00 -182.53 1700.00
837.00 -180.15 1700.00
839.00 -178.01 1700.00
841.00 -176.20 1700.00
843.00 -174.76 1700.00
845.00 -173.70 1700.00
847.00 -172.99 1700.00
849.00 -172.55 1700.00
851.00 -172.02 1700.00
853.00 -171.18 1700.00
855.00 -172.82 1700.00
857.00 -173.93 1700.00
859.00 -170.96 1700.00
861.00 -166.42 1700.00
863.00 -149.89 1700.00
865.00 -156.43 1700.00
867.00 -173.46 1700.00
869.00 -158.79 1700.00
871.00 -167.54 1700.00
873.00 -206.30 1700.00
875.00 -217.86 1700.00
877.00 -206.81 1700.00
879.00 -204.15 1700.00
881.00 -204.89 1700.00
883.00 -206.67 1700.00
885.00 -208.00 1700.00
887.00 -207.60 1700.00
889.00 -205.13 1700.00
891.00 -169.24 1700.00
893.00 -197.88 1700.00
895.00 -182.80 1700.00
897.00 -178.53 1700.00
899.00 -173.14 1700.00
901.00 -169.74 1700.00
903.00 -168.31 1700.00
905.00 -168.55 1700.00
907.00 -169.24 1700.00
909.00 -169.94 1700.00
911.00 -171.09 1700.00
913.00 -173.42 1700.00
915.00 -173.15 1700.00
917.00 -170.92 1700.00
919.00 -166.99 1700.00
921.00 -166.65 1700.00
923.00 -170.46 1700.00
925.00 -170.93 1700.00
927.00 -170.37 1700.00
929.00 -169.56 1700.00
931.00 -168.68 1700.00
933.00 -167.84 1700.00
935.00 -167.07 1700.00
937.00 -166.36 1700.00
939.00 -165.67 1700.00
941.00 -164.97 1700.00
943.00 -164.24 1700.00
945.00 -163.45 1700.00
947.00 -162.60 1700.00
949.00 -161.77 1700.00
951.00 -161.47 1700.00
953.00 -162.47 1700.00
955.00 -160.93 1700.00
957.00 -155.74 1700.00
959.00 -146.35 1700.00
961.00 -143.44 1700.00
963.00 -147.75 1700.00
965.00 -146.90 1700.00
967.00 -143.53 1700.00
969.00 -139.32 1700.00
971.00 -134.68 1700.00
973.00 -129.62 1700.00
975.00 -124.09 1700.00
977.00 -117.98 1700.00
979.00 -111.21 1700.00
981.00 -104.05 1700.00
983.00 -97.44 1700.00
985.00 -92.58 1700.00
987.00 -89.21 1700.00
989.00 -89.46 1700.00
991.00 -97.16 1700.00
993.00 -56.90 1700.00
995.00 -47.27 1700.00
997.00 -26.67 1700.00
999.00 -21.52 1700.00
1001.00 -10.78 1700.00
1003.00 1.88 1700.00
1005.00 1.60 1700.00
1007.00 37.80 1700.00
1009.00 99.58 1700.00
1011.00 119.78 1700.00
1013.00 128.33 1700.00
1015.00 141.50 1700.00
1017.00 155.87 1700.00
1019.00 169.58 1700.00
1021.00 180.66 1700.00
1023.00 118.46 2699.00
1025.00 120.83 2699.00
1027.00 164.55 2699.00
1029.00 193.94 2699.00
1031.00 192.02 2699.00
1033.00 186.13 2699.00
1035.00 181.98 2699.00
1037.00 199.34 2699.00
1039.00 261.31 2699.00
1041.00 278.63 2699.00
1043.00 258.55 2699.00
1045.00 257.29 2699.00
1047.00 266.67 2699.00
1049.00 275.10 2699.00
1051.00 279.30 2699.00
1053.00 277.44 2699.00
1055.00 276.90 2699.00
1057.00 280.29 2699.00
1059.00 283.79 2699.00
1061.00 285.68 2699.00
1063.00 288.93 2699.00
1065.00 293.71 2699.00
1067.00 297.51 2699.00
1069.00 300.16 2699.00
1071.00 302.28 2699.00
1073.00 304.52 2699.00
1075.00 306.03 2699.00
1077.00 306.75 2699.00
1079.00 306.94 2699.00
1081.00 305.81 2699.00
1083.00 305.94 2699.00
1085.00 315.20 2699.00
1087.00 321.20 2699.00
1089.00 337.86 2699.00
1091.00 355.72 2699.00
1093.00 372.59 2699.00
1095.00 362.47 2699.00
1097.00 341.83 2699.00
1099.00 342.58 2699.00
1101.00 349.91 2699.00
1103.00 346.63 2699.00
1105.00 343.75 2699.00
1107.00 346.43 2699.00
1109.00 348.98 2699.00
1111.00 348.74 2699.00
1113.00 348.53 2699.00
1115.00 349.81 2699.00
1117.00 351.79 2699.00
1119.00 352.13 2699.00
1121.00 347.40 2699.00
1123.00 307.40 2699.00
1125.00 271.26 2699.00
1127.00 270.15 2699.00
1129.00 309.94 2699.00
1131.00 341.87 2699.00
1133.00 337.96 2699.00
1135.00 290.52 2699.00
1137.00 263.32 2699.00
1139.00 261.22 2699.00
1141.00 260.75 2699.00
1143.00 258.36 2699.00
1145.00 254.37 2699.00
1147.00 250.75 2699.00
1149.00 247.79 2699.00
1151.00 242.99 2699.00
1153.00 237.25 2699.00
1155.00 232.76 2699.00
1157.00 228.68 2699.00
1159.00 224.23 2699.00
1161.00 219.60 2699.00
1163.00 214.81 2699.00
1165.00 209.64 2699.00
1167.00 204.61 2699.00
1169.00 200.22 2699.00
1171.00 196.14 2699.00
1173.00 192.04 2699.00
1175.00 187.49 2699.00
1177.00 183.07 2699.00
1179.00 179.45 2699.00
1181.00 176.25 2699.00
1183.00 173.26 2699.00
1185.00 170.50 2699.00
1187.00 167.98 2699.00
1189.00 164.75 2699.00
1191.00 160.82 2699.00
1193.00 156.37 2699.00
1195.00 146.30 2699.00
1197.00 137.23 2699.00
1199.00 140.33 2699.00
1201.00 145.23 2699.00
1203.00 143.36 2699.00
1205.00 139.46 2699.00
1207.00 135.78 2699.00
1209.00 128.23 2699.00
1211.00 116.87 2699.00
1213.00 110.53 2699.00
1215.00 114.39 2699.00
1217.00 118.11 2699.00
1219.00 111.79 2699.00
1221.00 100.63 2699.00
1223.00 92.60 2699.00
1225.00 88.02 2699.00
1227.00 83.98 2699.00
1229.00 80.60 2699.00
1231.00 75.41 2699.00
1233.00 66.24 2699.00
1235.00 58.71 2699.00
1237.00 57.45 2699.00
1239.00 56.84 2699.00
1241.00 52.68 2699.00
1243.00 46.71 2699.00
1245.00 43.80 2699.00
1247.00 46.09 2699.00
1249.00 49.13 2699.00
1251.00 43.19 2699.00
1253.00 7.76 2699.00
1255.00 -29.89 2699.00
1257.00 -35.75 2699.00
1259.00 -35.67 2699.00
1261.00 -38.32 2699.00
1263.00 -44.28 2699.00
1265.00 -51.66 2699.00
1267.00 -50.96 2699.00
1269.00 -18.26 2699.00
1271.00 13.19 2699.00
1273.00 16.37 2699.00
1275.00 11.86 2699.00
1277.00 7.64 2699.00
1279.00 3.17 2699.00
1281.00 -1.21 2699.00
1283.00 -7.07 2699.00
1285.00 -28.07 2699.00
1287.00 -56.76 2699.00
1289.00 -85.16 2699.00
1291.00 -101.93 2699.00
1293.00 -97.14 2699.00
1295.00 -76.35 2699.00
1297.00 -69.45 2699.00
1299.00 -91.61 2699.00
1301.00 -105.38 2699.00
1303.00 -103.72 2699.00
1305.00 -102.52 2699.00
1307.00 -104.29 2699.00
1309.00 -107.13 2699.00
1311.00 -110.36 2699.00
1313.00 -113.86 2699.00
1315.00 -117.68 2699.00
1317.00 -121.07 2699.00
1319.00 -116.92 2699.00
1321.00 -103.21 2699.00
1323.00 -110.67 2699.00
1325.00 -125.89 2699.00
1327.00 -125.65 2699.00
1329.00 -117.72 2699.00
1331.00 -101.46 2699.00
1333.00 -91.56 2699.00
1335.00 -93.04 2699.00
1337.00 -98.59 2699.00
1339.00 -103.78 2699.00
1341.00 -110.20 2699.00
1343.00 -118.04 2699.00
1345.00 -126.64 2699.00
1347.00 -134.55 2699.00
1349.00 -147.04 2699.00
1351.00 -178.93 2699.00
1353.00 -182.78 2699.00
1355.00 -164.45 2699.00
1357.00 -157.35 2699.00
1359.00 -156.89 2699.00
1361.00 -155.60 2699.00
1363.00 -152.30 2699.00
1365.00 -147.21 2699.00
1367.00 -141.76 2699.00
1369.00 -137.17 2699.00
1371.00 -132.86 2699.00
1373.00 -128.74 2699.00
1375.00 -125.18 2699.00
1377.00 -122.64 2699.00
1379.00 -117.87 2699.00
1381.00 -111.55 2699.00
1383.00 -106.46 2699.00
1385.00 -105.38 2699.00
1387.00 -106.34 2699.00
1389.00 -105.21 2699.00
1391.00 -104.02 2699.00
1393.00 -102.42 2699.00
1395.00 -100.43 2699.00
1397.00 -98.57 2699.00
1399.00 -96.25 2699.00
1401.00 -93.50 2699.00
1403.00 -91.59 2699.00
1405.00 -90.51 2699.00
1407.00 -89.26 2699.00
1409.00 -86.80 2699.00
1411.00 -85.74 2699.00
1413.00 -87.58 2699.00
1415.00 -89.05 2699.00
1417.00 -89.28 2699.00
1419.00 -88.37 2699.00
1421.00 -86.50 2699.00
1423.00 -84.66 2699.00
1425.00 -82.59 2699.00
1427.00 -78.96 2699.00
1429.00 -72.79 2699.00
1431.00 -67.01 2699.00
1433.00 -84.53 2699.00
1435.00 -115.72 2699.00
1437.00 -136.83 2699.00
1439.00 -127.96 2699.00
1441.00 -121.46 2699.00
1443.00 -117.26 2699.00
1445.00 -113.57 2699.00
1447.00 -110.48 2699.00
1449.00 -108.47 2699.00
1451.00 -107.12 2699.00
1453.00 -106.02 2699.00
1455.00 -104.94 2699.00
1457.00 -103.76 2699.00
1459.00 -162.65 1700.00
1461.00 -160.29 1700.00
1463.00 -157.66 1700.00
1465.00 -154.76 1700.00
1467.00 -151.59 1700.00
1469.00 -148.17 1700.00
1471.00 -144.51 1700.00
1473.00 -140.64 1700.00
1475.00 -136.58 1700.00
1477.00 -132.35 1700.00
1479.00 -127.98 1700.00
1481.00 -123.48 1700.00
1483.00 -118.89 1700.00
1485.00 -114.21 1700.00
1487.00 -109.48 1700.00
1489.00 -104.70 1700.00
1491.00 -99.90 1700.00
1493.00 -95.08 1700.00
1495.00 -90.27 1700.00
1497.00 -85.48 1700.00
1499.00 -80.71 1700.00
1501.00 -75.97 1700.00
1503.00 -71.27 1700.00
1505.00 -66.61 1700.00
1507.00 -62.01 1700.00
1509.00 -57.46 1700.00
1511.00 -52.97 1700.00
1513.00 -48.54 1700.00
1515.00 -44.18 1700.00
1517.00 -39.87 1700.00
1519.00 -35.64 1700.00
1521.00 -31.46 1700.00
1523.00 -27.36 1700.00
1525.00 -23.32 1700.00
1527.00 -19.35 1700.00
1529.00 -15.44 1700.00
1531.00 -11.60 1700.00
1533.00 -7.83 1700.00
1535.00 -4.12 1700.00
1537.00 -0.47 1700.00
1539.00 3.11 1700.00
1541.00 6.62 1700.00
1543.00 10.08 1700.00
1545.00 13.46 1700.00
1547.00 16.79 1700.00
1549.00 20.05 1700.00
1551.00 23.26 1700.00
1553.00 26.40 1700.00
1555.00 29.47 1700.00
1557.00 32.49 1700.00
1559.00 35.45 1700.00
1561.00 38.34 1700.00
1563.00 41.18 1700.00
1565.00 43.95 1700.00
1567.00 46.67 1700.00
1569.00 49.32 1700.00
1571.00 51.92 1700.00
1573.00 54.45 1700.00
1575.00 56.93 1700.00
1577.00 59.35 1700.00
1579.00 61.71 1700.00
1581.00 64.01 1700.00
1583.00 66.25 1700.00
1585.00 68.43 1700.00
1587.00 70.55 1700.00
1589.00 72.62 1700.00
1591.00 74.62 1700.00
1593.00 76.57 1700.00
1595.00 78.46 1700.00
1597.00 80.29 1700.00
1599.00 82.07 1700.00
1601.00 83.78 1700.00
1603.00 85.44 1700.00
1605.00 87.04 1700.00
1607.00 88.58 1700.00
1609.00 90.07 1700.00
1611.00 91.49 1700.00
1613.00 92.86 1700.00
1615.00 94.17 1700.00
1617.00 95.43 1700.00
1619.00 96.63 1700.00
1621.00 97.76 1700.00
1623.00 98.85 1700.00
1625.00 99.87 1700.00
1627.00 100.84 1700.00
1629.00 101.75 1700.00
1631.00 102.60 1700.00
1633.00 103.40 1700.00
1635.00 104.14 1700.00
1637.00 104.82 1700.00
1639.00 105.45 1700.00
1641.00 106.01 1700.00
1643.00 106.53 1700.00
1645.00 106.98 1700.00
1647.00 107.38 1700.00
1649.00 107.72 1700.00
1651.00 108.00 1700.00
1653.00 108.23 1700.00
1655.00 108.40 1700.00
1657.00 108.51 1700.00
1659.00 108.57 1700.00
