1.00 -1.82 1700.00
3.00 -1.82 1700.00
5.00 -1.82 1700.00
7.00 -1.81 1700.00
9.00 -1.81 1700.00
11.00 -1.80 1700.00
13.00 -1.79 1700.00
15.00 -1.77 1700.00
17.00 -1.76 1700.00
19.00 -1.74 1700.00
21.00 -1.73 1700.00
23.00 -1.71 1700.00
25.00 -1.69 1700.00
27.00 -1.66 1700.00
29.00 -1.64 1700.00
31.00 -1.61 1700.00
33.00 -1.59 1700.00
35.00 -1.56 1700.00
37.00 -1.52 1700.00
39.00 -1.49 1700.00
41.00 -1.45 1700.00
43.00 -1.42 1700.00
45.00 -1.38 1700.00
47.00 -1.34 1700.00
49.00 -1.30 1700.00
51.00 -1.25 1700.00
53.00 -1.21 1700.00
55.00 -1.16 1700.00
57.00 -1.11 1700.00
59.00 -1.06 1700.00
61.00 -1.00 1700.00
63.00 -0.95 1700.00
65.00 -0.89 1700.00
67.00 -0.83 1700.00
69.00 -0.77 1700.00
71.00 -0.70 1700.00
73.00 -0.64 1700.00
75.00 -0.57 1700.00
77.00 -0.50 1700.00
79.00 -0.43 1700.00
81.00 -0.35 1700.00
83.00 -0.28 1700.00
85.00 -0.20 1700.00
87.00 -0.12 1700.00
89.00 -0.03 1700.00
91.00 0.05 1700.00
93.00 0.14 1700.00
95.00 0.23 1700.00
97.00 0.33 1700.00
99.00 0.42 1700.00
101.00 0.52 1700.00
103.00 0.62 1700.00
105.00 0.73 1700.00
107.00 0.84 1700.00
109.00 0.95 1700.00
111.00 1.07 1700.00
113.00 1.19 1700.00
115.00 1.32 1700.00
117.00 1.45 1700.00
119.00 1.58 1700.00
121.00 1.72 1700.00
123.00 1.86 1700.00
125.00 2.01 1700.00
127.00 2.17 1700.00
129.00 2.33 1700.00
131.00 2.50 1700.00
133.00 2.68 1700.00
135.00 2.86 1700.00
137.00 3.05 1700.00
139.00 3.26 1700.00
141.00 3.47 1700.00
143.00 3.69 1700.00
145.00 3.93 1700.00
147.00 4.17 1700.00
149.00 4.44 1700.00
151.00 4.71 1700.00
153.00 5.01 1700.00
155.00 5.32 1700.00
157.00 5.65 1700.00
159.00 6.00 1700.00
161.00 6.37 1700.00
163.00 6.77 1700.00
165.00 7.20 1700.00
167.00 7.65 1700.00
169.00 8.13 1700.00
171.00 8.65 1700.00
173.00 9.20 1700.00
175.00 9.78 1700.00
177.00 10.40 1700.00
179.00 11.05 1700.00
181.00 11.73 1700.00
183.00 12.45 1700.00
185.00 13.19 1700.00
187.00 13.95 1700.00
189.00 14.73 1700.00
191.00 15.50 1700.00
193.00 16.24 1700.00
195.00 16.90 1700.00
197.00 17.38 1700.00
199.00 17.59 1700.00
201.00 17.46 1700.00
203.00 17.61 1700.00
205.00 19.77 1700.00
207.00 21.45 1700.00
209.00 20.17 1700.00
211.00 17.72 1700.00
213.00 14.65 1700.00
215.00 10.93 1700.00
217.00 7.60 1700.00
219.00 5.56 1700.00
221.00 0.13 1700.00
223.00 0.07 1700.00
225.00 0.05 1700.00
227.00 0.03 1700.00
229.00 0.01 1700.00
231.00 -0.01 1700.00
233.00 -0.04 1700.00
235.00 -0.06 1700.00
237.00 -0.09 1700.00
239.00 0.01 1700.00
241.00 0.07 1700.00
243.00 -0.02 1700.00
245.00 -0.05 1700.00
247.00 -0.06 1700.00
249.00 -0.07 1700.00
251.00 -0.06 1700.00
253.00 -0.06 1700.00
255.00 -0.05 1700.00
257.00 -0.04 1700.00
259.00 -0.03 1700.00
261.00 -0.02 1700.00
263.00 -0.02 1700.00
265.00 -0.02 1700.00
267.00 -0.03 1700.00
269.00 -0.01 1700.00
271.00 0.03 1700.00
273.00 0.03 1700.00
275.00 0.00 1700.00
277.00 -0.03 1700.00
279.00 -0.10 1700.00
281.00 -0.18 1700.00
283.00 -0.98 1700.00
285.00 -0.70 1700.00
287.00 -0.45 1700.00
289.00 -0.30 1700.00
291.00 -0.22 1700.00
293.00 -0.17 1700.00
295.00 -0.14 1700.00
297.00 -0.13 1700.00
299.00 -0.12 1700.00
301.00 -0.12 1700.00
303.00 -0.11 1700.00
305.00 -0.10 1700.00
307.00 -0.09 1700.00
309.00 -0.09 1700.00
311.00 -0.09 1700.00
313.00 -0.08 1700.00
315.00 -0.07 1700.00
317.00 -0.10 1700.00
319.00 -0.12 1700.00
321.00 -0.11 1700.00
323.00 -0.10 1700.00
325.00 -0.09 1700.00
327.00 -0.09 1700.00
329.00 -0.09 1700.00
331.00 -0.08 1700.00
333.00 -0.09 1700.00
335.00 -0.09 1700.00
337.00 -0.09 1700.00
339.00 -0.10 1700.00
341.00 -0.10 1700.00
343.00 -0.07 1700.00
345.00 -0.06 1700.00
347.00 -0.06 1700.00
349.00 -0.10 1700.00
351.00 -0.11 1700.00
353.00 -0.09 1700.00
355.00 -0.07 1700.00
357.00 -0.11 1700.00
359.00 -0.14 1700.00
361.00 -0.09 1700.00
363.00 -0.06 1700.00
365.00 -0.10 1700.00
367.00 -0.11 1700.00
369.00 -0.10 1700.00
371.00 -0.11 1700.00
373.00 -0.12 1700.00
375.00 -0.12 1700.00
377.00 -0.12 1700.00
379.00 -0.12 1700.00
381.00 -0.12 1700.00
383.00 -0.11 1700.00
385.00 -0.11 1700.00
387.00 -0.10 1700.00
389.00 -0.08 1700.00
391.00 -0.09 1700.00
393.00 -0.11 1700.00
395.00 -0.12 1700.00
397.00 -0.11 1700.00
399.00 -0.11 1700.00
401.00 -0.11 1700.00
403.00 -0.11 1700.00
405.00 -0.11 1700.00
407.00 -0.11 1700.00
409.00 -0.11 1700.00
411.00 -0.11 1700.00
413.00 -0.10 1700.00
415.00 -0.09 1700.00
417.00 -0.06 1700.00
419.00 -0.06 1700.00
421.00 -0.12 1700.00
423.00 -0.12 1700.00
425.00 -0.09 1700.00
427.00 -0.10 1700.00
429.00 -0.13 1700.00
431.00 -0.13 1700.00
433.00 -0.08 1700.00
435.00 -0.05 1700.00
437.00 -0.07 1700.00
439.00 -0.08 1700.00
441.00 -0.11 1700.00
443.00 -0.18 1700.00
445.00 -0.18 1700.00
447.00 -0.15 1700.00
449.00 -0.13 1700.00
451.00 -0.12 1700.00
453.00 -0.11 1700.00
455.00 -0.11 1700.00
457.00 -0.12 1700.00
459.00 -0.12 1700.00
461.00 -0.11 1700.00
463.00 -0.15 1700.00
465.00 -0.15 1700.00
467.00 -0.13 1700.00
469.00 -0.12 1700.00
471.00 -0.11 1700.00
473.00 -0.09 1700.00
475.00 -0.07 1700.00
477.00 -0.05 1700.00
479.00 -0.03 1700.00
481.00 0.01 1700.00
483.00 0.08 1700.00
485.00 0.21 1700.00
487.00 0.44 1700.00
489.00 0.83 1700.00
491.00 1.51 1700.00
493.00 2.62 1700.00
495.00 3.65 1700.00
497.00 -0.01 1700.00
499.00 -0.10 1700.00
501.00 -0.05 1700.00
503.00 -0.04 1700.00
505.00 -0.04 1700.00
507.00 -0.04 1700.00
509.00 -0.07 1700.00
511.00 -0.13 1700.00
513.00 -0.07 1700.00
515.00 0.02 1700.00
517.00 -0.02 1700.00
519.00 -0.05 1700.00
521.00 0.04 1700.00
523.00 0.07 1700.00
525.00 -0.14 1700.00
527.00 -0.18 1700.00
529.00 -0.09 1700.00
531.00 -0.06 1700.00
533.00 -0.05 1700.00
535.00 -0.04 1700.00
537.00 -0.03 1700.00
539.00 -0.04 1700.00
541.00 -0.09 1700.00
543.00 -0.11 1700.00
545.00 -0.10 1700.00
547.00 -0.09 1700.00
549.00 -0.09 1700.00
551.00 -0.09 1700.00
553.00 -0.08 1700.00
555.00 -0.17 1700.00
557.00 -5.38 1700.00
559.00 -5.66 1700.00
561.00 -0.14 1700.00
563.00 -0.14 1700.00
565.00 -12.77 1700.00
567.00 -18.46 1700.00
569.00 -10.17 1700.00
571.00 -8.97 1700.00
573.00 -11.36 1700.00
575.00 -9.12 1700.00
577.00 -12.84 1700.00
579.00 -16.08 1700.00
581.00 -14.56 1700.00
583.00 -12.57 1700.00
585.00 -10.66 1700.00
587.00 -9.08 1700.00
589.00 -11.11 1700.00
591.00 -11.20 1700.00
593.00 -8.81 1700.00
595.00 -11.22 1700.00
597.00 21.30 1700.00
599.00 38.02 1700.00
601.00 39.13 1700.00
603.00 35.57 1700.00
605.00 38.51 1700.00
607.00 42.23 1700.00
609.00 45.18 1700.00
611.00 46.37 1700.00
613.00 43.35 1700.00
615.00 40.24 1700.00
617.00 82.29 1700.00
619.00 122.38 1700.00
621.00 114.79 1700.00
623.00 106.87 1700.00
625.00 103.68 1700.00
627.00 101.87 1700.00
629.00 100.40 1700.00
631.00 99.08 1700.00
633.00 97.79 1700.00
635.00 96.21 1700.00
637.00 93.60 1700.00
639.00 57.85 2699.00
641.00 58.01 2699.00
643.00 56.96 2699.00
645.00 53.39 2699.00
647.00 60.17 2699.00
649.00 61.15 2699.00
651.00 43.64 2699.00
653.00 52.45 2699.00
655.00 97.15 2699.00
657.00 110.29 2699.00
659.00 75.04 2699.00
661.00 34.55 2699.00
663.00 29.40 2699.00
665.00 58.64 2699.00
667.00 94.94 2699.00
669.00 100.27 2699.00
671.00 95.80 2699.00
673.00 93.60 2699.00
675.00 93.24 2699.00
677.00 93.70 2699.00
679.00 94.25 2699.00
681.00 94.29 2699.00
683.00 94.01 2699.00
685.00 94.78 2699.00
687.00 89.96 2699.00
689.00 79.32 2699.00
691.00 81.12 2699.00
693.00 116.31 2699.00
695.00 138.30 2699.00
697.00 115.83 2699.00
699.00 67.42 2699.00
701.00 39.63 2699.00
703.00 31.03 2699.00
705.00 30.79 2699.00
707.00 65.32 2699.00
709.00 99.78 2699.00
711.00 101.91 2699.00
713.00 68.99 2699.00
715.00 24.66 2699.00
717.00 11.66 2699.00
719.00 24.91 2699.00
721.00 25.70 2699.00
723.00 9.14 2699.00
725.00 2.56 2699.00
727.00 -0.05 2699.00
729.00 -0.78 2699.00
731.00 0.18 2699.00
733.00 -1.42 2699.00
735.00 -5.26 2699.00
737.00 -8.93 2699.00
739.00 -14.62 2699.00
741.00 -22.17 2699.00
743.00 -26.82 2699.00
745.00 -28.06 2699.00
747.00 -27.66 2699.00
749.00 -25.94 2699.00
751.00 -31.35 2699.00
753.00 -67.10 2699.00
755.00 -102.36 2699.00
757.00 -109.31 2699.00
759.00 -107.69 2699.00
761.00 -109.24 2699.00
763.00 -112.69 2699.00
765.00 -116.96 2699.00
767.00 -121.47 2699.00
769.00 -125.84 2699.00
771.00 -129.92 2699.00
773.00 -133.63 2699.00
775.00 -136.75 2699.00
777.00 -139.19 2699.00
779.00 -143.11 2699.00
781.00 -139.06 2699.00
783.00 -128.79 2699.00
785.00 -137.89 2699.00
787.00 -150.86 2699.00
789.00 -150.55 2699.00
791.00 -149.46 2699.00
793.00 -149.03 2699.00
795.00 -148.77 2699.00
797.00 -148.42 2699.00
799.00 -147.82 2699.00
801.00 -146.91 2699.00
803.00 -145.78 2699.00
805.00 -229.54 1700.00
807.00 -227.66 1700.00
809.00 -225.70 1700.00
811.00 -223.61 1700.00
813.00 -221.45 1700.00
815.00 -219.27 1700.00
817.00 -217.09 1700.00
819.00 -214.90 1700.00
821.00 -212.68 1700.00
823.00 -210.41 1700.00
825.00 -208.09 1700.00
827.00 -205.69 1700.00
829.00 -203.22 1700.00
831.00 -200.67 1700.00
833.00 -198.05 1700.00
835.00 -195.42 1700.00
837.00 -192.92 1700.00
839.00 -190.65 1700.00
841.00 -188.70 1700.00
843.00 -187.12 1700.00
845.00 -185.90 1700.00
847.00 -185.04 1700.00
849.00 -184.44 1700.00
851.00 -183.74 1700.00
853.00 -182.71 1700.00
855.00 -184.17 1700.00
857.00 -185.07 1700.00
859.00 -181.89 1700.00
861.00 -177.12 1700.00
863.00 -160.34 1700.00
865.00 -166.60 1700.00
867.00 -183.33 1700.00
869.00 -168.28 1700.00
871.00 -176.55 1700.00
873.00 -214.72 1700.00
875.00 -225.81 1700.00
877.00 -214.43 1700.00
879.00 -211.48 1700.00
881.00 -211.95 1700.00
883.00 -213.48 1700.00
885.00 -214.54 1700.00
887.00 -213.88 1700.00
889.00 -211.27 1700.00
891.00 -173.79 1700.00
893.00 -202.93 1700.00
895.00 -186.23 1700.00
897.00 -182.06 1700.00
899.00 -176.55 1700.00
901.00 -172.99 1700.00
903.00 -171.40 1700.00
905.00 -171.46 1700.00
907.00 -171.99 1700.00
909.00 -172.52 1700.00
911.00 -173.50 1700.00
913.00 -175.67 1700.00
915.00 -175.24 1700.00
917.00 -172.84 1700.00
919.00 -168.76 1700.00
921.00 -168.25 1700.00
923.00 -171.91 1700.00
925.00 -172.21 1700.00
927.00 -171.49 1700.00
929.00 -170.52 1700.00
931.00 -169.48 1700.00
933.00 -168.47 1700.00
935.00 -167.54 1700.00
937.00 -166.67 1700.00
939.00 -165.82 1700.00
941.00 -164.95 1700.00
943.00 -164.05 1700.00
945.00 -163.10 1700.00
947.00 -162.08 1700.00
949.00 -161.08 1700.00
951.00 -160.60 1700.00
953.00 -161.43 1700.00
955.00 -159.71 1700.00
957.00 -154.35 1700.00
959.00 -144.78 1700.00
961.00 -141.69 1700.00
963.00 -145.83 1700.00
965.00 -144.81 1700.00
967.00 -141.25 1700.00
969.00 -136.87 1700.00
971.00 -132.05 1700.00
973.00 -126.81 1700.00
975.00 -121.10 1700.00
977.00 -114.80 1700.00
979.00 -107.85 1700.00
981.00 -100.50 1700.00
983.00 -93.69 1700.00
985.00 -88.63 1700.00
987.00 -85.06 1700.00
989.00 -85.14 1700.00
991.00 -92.81 1700.00
993.00 -50.87 1700.00
995.00 -41.51 1700.00
997.00 -19.28 1700.00
999.00 -13.84 1700.00
1001.00 -2.69 1700.00
1003.00 10.41 1700.00
1005.00 10.64 1700.00
1007.00 47.49 1700.00
1009.00 110.00 1700.00
1011.00 130.82 1700.00
1013.00 139.88 1700.00
1015.00 153.53 1700.00
1017.00 168.34 1700.00
1019.00 182.52 1700.00
1021.00 194.11 1700.00
1023.00 127.30 2699.00
1025.00 129.49 2699.00
1027.00 173.56 2699.00
1029.00 202.94 2699.00
1031.00 201.03 2699.00
1033.00 195.34 2699.00
1035.00 191.35 2699.00
1037.00 208.60 2699.00
1039.00 270.81 2699.00
1041.00 287.98 2699.00
1043.00 267.95 2699.00
1045.00 266.86 2699.00
1047.00 276.45 2699.00
1049.00 285.09 2699.00
1051.00 289.51 2699.00
1053.00 287.84 2699.00
1055.00 287.49 2699.00
1057.00 291.06 2699.00
1059.00 294.74 2699.00
1061.00 296.80 2699.00
1063.00 300.22 2699.00
1065.00 305.18 2699.00
1067.00 309.14 2699.00
1069.00 311.95 2699.00
1071.00 314.23 2699.00
1073.00 316.63 2699.00
1075.00 318.30 2699.00
1077.00 319.17 2699.00
1079.00 319.51 2699.00
1081.00 318.52 2699.00
1083.00 318.75 2699.00
1085.00 328.02 2699.00
1087.00 333.92 2699.00
1089.00 350.82 2699.00
1091.00 368.04 2699.00
1093.00 385.04 2699.00
1095.00 375.00 2699.00
1097.00 354.38 2699.00
1099.00 355.28 2699.00
1101.00 362.65 2699.00
1103.00 359.44 2699.00
1105.00 356.61 2699.00
1107.00 359.34 2699.00
1109.00 361.93 2699.00
1111.00 361.72 2699.00
1113.00 361.53 2699.00
1115.00 362.83 2699.00
1117.00 364.86 2699.00
1119.00 365.33 2699.00
1121.00 360.93 2699.00
1123.00 321.01 2699.00
1125.00 285.04 2699.00
1127.00 283.92 2699.00
1129.00 323.67 2699.00
1131.00 355.31 2699.00
1133.00 351.48 2699.00
1135.00 303.98 2699.00
1137.00 277.04 2699.00
1139.00 275.09 2699.00
1141.00 274.61 2699.00
1143.00 272.15 2699.00
1145.00 268.07 2699.00
1147.00 264.36 2699.00
1149.00 261.31 2699.00
1151.00 256.42 2699.00
1153.00 250.59 2699.00
1155.00 246.00 2699.00
1157.00 241.81 2699.00
1159.00 237.24 2699.00
1161.00 232.49 2699.00
1163.00 227.58 2699.00
1165.00 222.26 2699.00
1167.00 217.08 2699.00
1169.00 212.52 2699.00
1171.00 208.28 2699.00
1173.00 204.01 2699.00
1175.00 199.27 2699.00
1177.00 194.67 2699.00
1179.00 190.86 2699.00
1181.00 187.46 2699.00
1183.00 184.27 2699.00
1185.00 181.31 2699.00
1187.00 178.59 2699.00
1189.00 175.16 2699.00
1191.00 171.02 2699.00
1193.00 166.36 2699.00
1195.00 156.07 2699.00
1197.00 146.78 2699.00
1199.00 149.66 2699.00
1201.00 154.33 2699.00
1203.00 152.22 2699.00
1205.00 148.09 2699.00
1207.00 144.17 2699.00
1209.00 136.36 2699.00
1211.00 124.76 2699.00
1213.00 118.16 2699.00
1215.00 121.76 2699.00
1217.00 125.23 2699.00
1219.00 118.66 2699.00
1221.00 107.24 2699.00
1223.00 98.96 2699.00
1225.00 94.13 2699.00
1227.00 89.84 2699.00
1229.00 86.23 2699.00
1231.00 80.80 2699.00
1233.00 71.40 2699.00
1235.00 63.64 2699.00
1237.00 62.14 2699.00
1239.00 61.30 2699.00
1241.00 56.90 2699.00
1243.00 50.70 2699.00
1245.00 47.56 2699.00
1247.00 49.62 2699.00
1249.00 52.45 2699.00
1251.00 46.36 2699.00
1253.00 10.76 2699.00
1255.00 -27.09 2699.00
1257.00 -33.12 2699.00
1259.00 -33.28 2699.00
1261.00 -36.19 2699.00
1263.00 -42.41 2699.00
1265.00 -50.06 2699.00
1267.00 -49.64 2699.00
1269.00 -17.20 2699.00
1271.00 14.00 2699.00
1273.00 16.92 2699.00
1275.00 12.18 2699.00
1277.00 7.75 2699.00
1279.00 3.07 2699.00
1281.00 -1.53 2699.00
1283.00 -7.63 2699.00
1285.00 -28.83 2699.00
1287.00 -57.75 2699.00
1289.00 -86.37 2699.00
1291.00 -103.34 2699.00
1293.00 -98.75 2699.00
1295.00 -78.16 2699.00
1297.00 -71.44 2699.00
1299.00 -93.80 2699.00
1301.00 -107.74 2699.00
1303.00 -106.27 2699.00
1305.00 -105.24 2699.00
1307.00 -107.20 2699.00
1309.00 -110.22 2699.00
1311.00 -113.62 2699.00
1313.00 -117.29 2699.00
1315.00 -121.28 2699.00
1317.00 -124.84 2699.00
1319.00 -120.85 2699.00
1321.00 -107.31 2699.00
1323.00 -114.92 2699.00
1325.00 -130.30 2699.00
1327.00 -130.22 2699.00
1329.00 -122.43 2699.00
1331.00 -106.33 2699.00
1333.00 -96.56 2699.00
1335.00 -98.18 2699.00
1337.00 -103.87 2699.00
1339.00 -109.18 2699.00
1341.00 -115.73 2699.00
1343.00 -123.67 2699.00
1345.00 -132.39 2699.00
1347.00 -140.44 2699.00
1349.00 -153.13 2699.00
1351.00 -185.12 2699.00
1353.00 -189.00 2699.00
1355.00 -170.86 2699.00
1357.00 -163.73 2699.00
1359.00 -163.31 2699.00
1361.00 -162.09 2699.00
1363.00 -158.87 2699.00
1365.00 -153.85 2699.00
1367.00 -148.47 2699.00
1369.00 -143.95 2699.00
1371.00 -139.70 2699.00
1373.00 -135.64 2699.00
1375.00 -132.14 2699.00
1377.00 -129.64 2699.00
1379.00 -124.92 2699.00
1381.00 -118.64 2699.00
1383.00 -113.59 2699.00
1385.00 -112.54 2699.00
1387.00 -113.54 2699.00
1389.00 -112.43 2699.00
1391.00 -111.27 2699.00
1393.00 -109.69 2699.00
1395.00 -107.70 2699.00
1397.00 -105.86 2699.00
1399.00 -103.55 2699.00
1401.00 -100.81 2699.00
1403.00 -98.91 2699.00
1405.00 -97.83 2699.00
1407.00 -96.58 2699.00
1409.00 -94.10 2699.00
1411.00 -93.04 2699.00
1413.00 -94.85 2699.00
1415.00 -96.30 2699.00
1417.00 -96.49 2699.00
1419.00 -95.54 2699.00
1421.00 -93.62 2699.00
1423.00 -91.73 2699.00
1425.00 -89.57 2699.00
1427.00 -85.87 2699.00
1429.00 -79.65 2699.00
1431.00 -73.96 2699.00
1433.00 -91.76 2699.00
1435.00 -122.65 2699.00
1437.00 -144.16 2699.00
1439.00 -135.10 2699.00
1441.00 -128.46 2699.00
1443.00 -124.15 2699.00
1445.00 -120.36 2699.00
1447.00 -117.18 2699.00
1449.00 -115.08 2699.00
1451.00 -113.65 2699.00
1453.00 -112.46 2699.00
1455.00 -111.29 2699.00
1457.00 -110.03 2699.00
1459.00 -172.46 1700.00
1461.00 -169.97 1700.00
1463.00 -167.19 1700.00
1465.00 -164.15 1700.00
1467.00 -160.83 1700.00
1469.00 -157.26 1700.00
1471.00 -153.45 1700.00
1473.00 -149.42 1700.00
1475.00 -145.20 1700.00
1477.00 -140.80 1700.00
1479.00 -136.26 1700.00
1481.00 -131.59 1700.00
1483.00 -126.82 1700.00
1485.00 -121.96 1700.00
1487.00 -117.05 1700.00
1489.00 -112.08 1700.00
1491.00 -107.09 1700.00
1493.00 -102.09 1700.00
1495.00 -97.08 1700.00
1497.00 -92.09 1700.00
1499.00 -87.12 1700.00
1501.00 -82.17 1700.00
1503.00 -77.27 1700.00
1505.00 -72.41 1700.00
1507.00 -67.60 1700.00
1509.00 -62.84 1700.00
1511.00 -58.14 1700.00
1513.00 -53.50 1700.00
1515.00 -48.92 1700.00
1517.00 -44.40 1700.00
1519.00 -39.94 1700.00
1521.00 -35.56 1700.00
1523.00 -31.23 1700.00
1525.00 -26.98 1700.00
1527.00 -22.79 1700.00
1529.00 -18.66 1700.00
1531.00 -14.60 1700.00
1533.00 -10.61 1700.00
1535.00 -6.68 1700.00
1537.00 -2.82 1700.00
1539.00 0.98 1700.00
1541.00 4.71 1700.00
1543.00 8.38 1700.00
1545.00 11.98 1700.00
1547.00 15.52 1700.00
1549.00 19.00 1700.00
1551.00 22.41 1700.00
1553.00 25.77 1700.00
1555.00 29.05 1700.00
1557.00 32.28 1700.00
1559.00 35.44 1700.00
1561.00 38.54 1700.00
1563.00 41.58 1700.00
1565.00 44.55 1700.00
1567.00 47.47 1700.00
1569.00 50.32 1700.00
1571.00 53.11 1700.00
1573.00 55.83 1700.00
1575.00 58.50 1700.00
1577.00 61.10 1700.00
1579.00 63.64 1700.00
1581.00 66.12 1700.00
1583.00 68.54 1700.00
1585.00 70.90 1700.00
1587.00 73.19 1700.00
1589.00 75.42 1700.00
1591.00 77.59 1700.00
1593.00 79.70 1700.00
1595.00 81.75 1700.00
1597.00 83.73 1700.00
1599.00 85.66 1700.00
1601.00 87.52 1700.00
1603.00 89.32 1700.00
1605.00 91.05 1700.00
1607.00 92.73 1700.00
1609.00 94.34 1700.00
1611.00 95.89 1700.00
1613.00 97.38 1700.00
1615.00 98.81 1700.00
1617.00 100.17 1700.00
1619.00 101.48 1700.00
1621.00 102.72 1700.00
1623.00 103.90 1700.00
1625.00 105.02 1700.00
1627.00 106.07 1700.00
1629.00 107.07 1700.00
1631.00 108.00 1700.00
1633.00 108.87 1700.00
1635.00 109.67 1700.00
1637.00 110.42 1700.00
1639.00 111.10 1700.00
1641.00 111.72 1700.00
1643.00 112.28 1700.00
1645.00 112.78 1700.00
1647.00 113.21 1700.00
1649.00 113.59 1700.00
1651.00 113.90 1700.00
1653.00 114.14 1700.00
1655.00 114.33 1700.00
1657.00 114.45 1700.00
1659.00 114.52 1700.00
