1.00 -133.89 1700.00
3.00 -133.88 1700.00
5.00 -133.86 1700.00
7.00 -133.84 1700.00
9.00 -133.81 1700.00
11.00 -133.77 1700.00
13.00 -133.72 1700.00
15.00 -133.67 1700.00
17.00 -133.61 1700.00
19.00 -133.54 1700.00
21.00 -133.46 1700.00
23.00 -133.38 1700.00
25.00 -133.28 1700.00
27.00 -133.18 1700.00
29.00 -133.07 1700.00
31.00 -132.96 1700.00
33.00 -132.83 1700.00
35.00 -132.70 1700.00
37.00 -132.56 1700.00
39.00 -132.41 1700.00
41.00 -132.26 1700.00
43.00 -132.10 1700.00
45.00 -131.93 1700.00
47.00 -131.75 1700.00
49.00 -131.56 1700.00
51.00 -131.37 1700.00
53.00 -131.17 1700.00
55.00 -130.96 1700.00
57.00 -130.75 1700.00
59.00 -130.53 1700.00
61.00 -130.30 1700.00
63.00 -130.06 1700.00
65.00 -129.82 1700.00
67.00 -129.57 1700.00
69.00 -129.31 1700.00
71.00 -129.05 1700.00
73.00 -128.79 1700.00
75.00 -128.51 1700.00
77.00 -128.23 1700.00
79.00 -127.95 1700.00
81.00 -127.66 1700.00
83.00 -127.37 1700.00
85.00 -127.08 1700.00
87.00 -126.78 1700.00
89.00 -126.48 1700.00
91.00 -126.17 1700.00
93.00 -125.87 1700.00
95.00 -125.56 1700.00
97.00 -125.25 1700.00
99.00 -124.95 1700.00
101.00 -124.64 1700.00
103.00 -124.34 1700.00
105.00 -124.04 1700.00
107.00 -123.74 1700.00
109.00 -123.45 1700.00
111.00 -123.16 1700.00
113.00 -122.88 1700.00
115.00 -122.61 1700.00
117.00 -122.35 1700.00
119.00 -122.10 1700.00
121.00 -121.87 1700.00
123.00 -121.65 1700.00
125.00 -121.44 1700.00
127.00 -121.25 1700.00
129.00 -121.08 1700.00
131.00 -120.93 1700.00
133.00 -120.80 1700.00
135.00 -120.70 1700.00
137.00 -120.63 1700.00
139.00 -120.58 1700.00
141.00 -120.57 1700.00
143.00 -120.59 1700.00
145.00 -120.65 1700.00
147.00 -120.75 1700.00
149.00 -120.89 1700.00
151.00 -121.09 1700.00
153.00 -121.34 1700.00
155.00 -121.65 1700.00
157.00 -122.03 1700.00
159.00 -122.49 1700.00
161.00 -123.03 1700.00
163.00 -123.67 1700.00
165.00 -124.42 1700.00
167.00 -125.29 1700.00
169.00 -126.31 1700.00
171.00 -127.48 1700.00
173.00 -128.83 1700.00
175.00 -130.38 1700.00
177.00 -132.13 1700.00
179.00 -134.12 1700.00
181.00 -136.34 1700.00
183.00 -138.81 1700.00
185.00 -141.51 1700.00
187.00 -144.43 1700.00
189.00 -147.53 1700.00
191.00 -150.73 1700.00
193.00 -153.89 1700.00
195.00 -156.78 1700.00
197.00 -158.92 1700.00
199.00 -159.44 1700.00
201.00 -157.06 1700.00
203.00 -151.63 1700.00
205.00 -145.97 1700.00
207.00 -141.85 1700.00
209.00 -138.14 1700.00
211.00 -133.88 1700.00
213.00 -128.67 1700.00
215.00 -122.62 1700.00
217.00 -116.47 1700.00
219.00 -111.87 1700.00
221.00 -111.91 1700.00
223.00 -118.55 1700.00
225.00 -129.78 1700.00
227.00 -140.16 1700.00
229.00 -129.28 1700.00
231.00 -103.35 1700.00
233.00 -98.04 1700.00
235.00 -110.60 1700.00
237.00 -96.45 1700.00
239.00 -53.13 1700.00
241.00 -30.47 1700.00
243.00 -35.21 1700.00
245.00 -37.11 1700.00
247.00 -24.52 1700.00
249.00 -18.77 1700.00
251.00 -15.06 1700.00
253.00 -0.55 1700.00
255.00 18.98 1700.00
257.00 38.03 1700.00
259.00 38.53 1700.00
261.00 32.91 1700.00
263.00 28.30 1700.00
265.00 27.47 1700.00
267.00 27.11 1700.00
269.00 21.59 1700.00
271.00 20.78 1700.00
273.00 23.66 1700.00
275.00 25.49 1700.00
277.00 25.25 1700.00
279.00 24.67 1700.00
281.00 26.21 1700.00
283.00 32.01 1700.00
285.00 40.28 1700.00
287.00 50.63 1700.00
289.00 50.02 1700.00
291.00 39.58 1700.00
293.00 34.45 1700.00
295.00 24.88 1700.00
297.00 15.32 1700.00
299.00 12.84 1700.00
301.00 11.51 1700.00
303.00 23.43 1700.00
305.00 50.81 1700.00
307.00 69.38 1700.00
309.00 66.86 1700.00
311.00 41.11 2699.00
313.00 43.39 2699.00
315.00 43.16 2699.00
317.00 46.06 2699.00
319.00 45.49 2699.00
321.00 43.02 2699.00
323.00 47.53 2699.00
325.00 57.41 2699.00
327.00 69.64 2699.00
329.00 73.66 2699.00
331.00 72.81 2699.00
333.00 76.31 2699.00
335.00 79.97 2699.00
337.00 80.97 2699.00
339.00 121.27 2699.00
341.00 164.07 2699.00
343.00 171.21 2699.00
345.00 163.23 2699.00
347.00 163.67 2699.00
349.00 168.81 2699.00
351.00 181.08 2699.00
353.00 189.60 2699.00
355.00 186.69 2699.00
357.00 188.53 2699.00
359.00 195.14 2699.00
361.00 199.87 2699.00
363.00 204.15 2699.00
365.00 208.52 2699.00
367.00 212.61 2699.00
369.00 216.80 2699.00
371.00 228.05 2699.00
373.00 235.37 2699.00
375.00 229.68 2699.00
377.00 228.63 2699.00
379.00 233.37 2699.00
381.00 236.40 2699.00
383.00 239.10 2699.00
385.00 242.05 2699.00
387.00 245.03 2699.00
389.00 247.92 2699.00
391.00 250.72 2699.00
393.00 253.42 2699.00
395.00 256.07 2699.00
397.00 258.56 2699.00
399.00 260.87 2699.00
401.00 268.18 2699.00
403.00 275.50 2699.00
405.00 272.44 2699.00
407.00 269.16 2699.00
409.00 271.04 2699.00
411.00 272.69 2699.00
413.00 274.01 2699.00
415.00 275.15 2699.00
417.00 276.21 2699.00
419.00 277.33 2699.00
421.00 277.86 2699.00
423.00 276.34 2699.00
425.00 279.26 2699.00
427.00 284.68 2699.00
429.00 281.84 2699.00
431.00 278.12 2699.00
433.00 278.40 2699.00
435.00 278.28 2699.00
437.00 278.74 2699.00
439.00 281.80 2699.00
441.00 283.49 2699.00
443.00 280.93 2699.00
445.00 279.46 2699.00
447.00 280.02 2699.00
449.00 279.84 2699.00
451.00 283.10 2699.00
453.00 286.81 2699.00
455.00 281.68 2699.00
457.00 274.47 2699.00
459.00 270.97 2699.00
461.00 273.03 2699.00
463.00 269.23 2699.00
465.00 257.14 2699.00
467.00 249.74 2699.00
469.00 244.10 2699.00
471.00 238.27 2699.00
473.00 232.87 2699.00
475.00 234.28 2699.00
477.00 240.31 2699.00
479.00 235.01 2699.00
481.00 225.46 2699.00
483.00 221.00 2699.00
485.00 219.97 2699.00
487.00 226.39 2699.00
489.00 226.11 2699.00
491.00 220.21 2699.00
493.00 219.60 2699.00
495.00 224.49 2699.00
497.00 232.17 2699.00
499.00 227.65 2699.00
501.00 225.77 2699.00
503.00 233.87 2699.00
505.00 218.84 2699.00
507.00 167.70 2699.00
509.00 162.30 2699.00
511.00 160.86 2699.00
513.00 155.00 2699.00
515.00 143.83 2699.00
517.00 132.66 2699.00
519.00 122.05 2699.00
521.00 111.53 2699.00
523.00 100.40 2699.00
525.00 95.76 2699.00
527.00 98.11 2699.00
529.00 84.40 2699.00
531.00 66.99 2699.00
533.00 64.41 2699.00
535.00 106.88 1700.00
537.00 110.21 1700.00
539.00 99.94 1700.00
541.00 82.04 1700.00
543.00 61.92 1700.00
545.00 41.42 1700.00
547.00 24.71 1700.00
549.00 10.97 1700.00
551.00 -0.66 1700.00
553.00 -10.66 1700.00
555.00 -19.37 1700.00
557.00 -27.21 1700.00
559.00 -35.00 1700.00
561.00 -44.44 1700.00
563.00 -56.09 1700.00
565.00 -65.86 1700.00
567.00 -71.37 1700.00
569.00 -74.61 1700.00
571.00 -76.75 1700.00
573.00 -78.33 1700.00
575.00 -79.60 1700.00
577.00 -80.82 1700.00
579.00 -82.60 1700.00
581.00 -86.55 1700.00
583.00 -93.42 1700.00
585.00 -99.04 1700.00
587.00 -101.02 1700.00
589.00 -101.52 1700.00
591.00 -101.56 1700.00
593.00 -101.73 1700.00
595.00 -102.97 1700.00
597.00 -107.70 1700.00
599.00 -113.64 1700.00
601.00 -116.60 1700.00
603.00 -117.68 1700.00
605.00 -118.79 1700.00
607.00 -121.91 1700.00
609.00 -121.88 1700.00
611.00 -109.92 1700.00
613.00 -108.57 1700.00
615.00 -123.37 1700.00
617.00 -132.28 1700.00
619.00 -135.83 1700.00
621.00 -138.93 1700.00
623.00 -143.19 1700.00
625.00 -147.17 1700.00
627.00 -149.69 1700.00
629.00 -150.89 1700.00
631.00 -148.91 1700.00
633.00 -147.93 1700.00
635.00 -152.29 1700.00
637.00 -160.65 1700.00
639.00 -167.99 1700.00
641.00 -171.40 1700.00
643.00 -174.49 1700.00
645.00 -178.28 1700.00
647.00 -182.38 1700.00
649.00 -186.62 1700.00
651.00 -190.90 1700.00
653.00 -194.96 1700.00
655.00 -198.06 1700.00
657.00 -200.75 1700.00
659.00 -194.80 1700.00
661.00 -187.59 1700.00
663.00 -204.98 1700.00
665.00 -221.30 1700.00
667.00 -222.45 1700.00
669.00 -225.03 1700.00
671.00 -224.75 1700.00
673.00 -224.24 1700.00
675.00 -211.40 1700.00
677.00 -214.77 1700.00
679.00 -236.91 1700.00
681.00 -152.20 2699.00
683.00 -151.74 2699.00
685.00 -152.06 2699.00
687.00 -152.65 2699.00
689.00 -153.33 2699.00
691.00 -153.97 2699.00
693.00 -154.48 2699.00
695.00 -154.75 2699.00
697.00 -154.67 2699.00
699.00 -154.17 2699.00
701.00 -153.23 2699.00
703.00 -151.84 2699.00
705.00 -150.00 2699.00
707.00 -147.92 2699.00
709.00 -146.26 2699.00
711.00 -141.13 2699.00
713.00 -124.37 2699.00
715.00 -187.58 1700.00
717.00 -125.54 2699.00
719.00 -123.70 2699.00
721.00 -119.27 2699.00
723.00 -117.17 2699.00
725.00 -116.24 2699.00
727.00 -118.06 2699.00
729.00 -125.02 2699.00
731.00 -130.21 2699.00
733.00 -104.41 2699.00
735.00 -74.50 2699.00
737.00 -63.47 2699.00
739.00 -69.30 2699.00
741.00 -71.58 2699.00
743.00 -43.18 2699.00
745.00 -18.10 2699.00
747.00 -20.57 2699.00
749.00 -26.79 2699.00
751.00 -30.31 2699.00
753.00 -30.34 2699.00
755.00 -28.72 2699.00
757.00 -35.52 2699.00
759.00 -69.49 2699.00
761.00 -104.85 2699.00
763.00 -107.89 2699.00
765.00 -101.81 2699.00
767.00 -101.49 2699.00
769.00 -104.89 2699.00
771.00 -104.89 2699.00
773.00 -103.89 2699.00
775.00 -101.98 2699.00
777.00 -87.88 2699.00
779.00 -73.29 2699.00
781.00 -83.86 2699.00
783.00 -108.74 2699.00
785.00 -141.67 2699.00
787.00 -167.78 2699.00
789.00 -167.05 2699.00
791.00 -162.60 2699.00
793.00 -161.45 2699.00
795.00 -161.94 2699.00
797.00 -163.04 2699.00
799.00 -163.95 2699.00
801.00 -165.68 2699.00
803.00 -170.82 2699.00
805.00 -174.56 2699.00
807.00 -174.90 2699.00
809.00 -175.67 2699.00
811.00 -176.52 2699.00
813.00 -177.21 2699.00
815.00 -177.68 2699.00
817.00 -177.88 2699.00
819.00 -177.80 2699.00
821.00 -177.42 2699.00
823.00 -176.78 2699.00
825.00 -175.88 2699.00
827.00 -174.79 2699.00
829.00 -173.53 2699.00
831.00 -172.17 2699.00
833.00 -170.74 2699.00
835.00 -169.29 2699.00
837.00 -167.79 2699.00
839.00 -166.05 2699.00
841.00 -164.72 2699.00
843.00 -166.00 2699.00
845.00 -165.00 2699.00
847.00 -152.48 2699.00
849.00 -154.84 2699.00
851.00 -164.04 2699.00
853.00 -162.70 2699.00
855.00 -163.83 2699.00
857.00 -162.50 2699.00
859.00 -160.85 2699.00
861.00 -159.35 2699.00
863.00 -158.27 2699.00
865.00 -156.87 2699.00
867.00 -153.71 2699.00
869.00 -147.83 2699.00
871.00 -139.50 2699.00
873.00 -139.35 2699.00
875.00 -145.80 2699.00
877.00 -148.07 2699.00
879.00 -148.18 2699.00
881.00 -147.26 2699.00
883.00 -144.80 2699.00
885.00 -138.36 2699.00
887.00 -128.27 2699.00
889.00 -128.54 2699.00
891.00 -136.02 2699.00
893.00 -136.94 2699.00
895.00 -132.07 2699.00
897.00 -123.38 2699.00
899.00 -123.93 2699.00
901.00 -131.04 2699.00
903.00 -133.25 2699.00
905.00 -133.64 2699.00
907.00 -133.73 2699.00
909.00 -133.77 2699.00
911.00 -127.61 2699.00
913.00 -121.85 2699.00
915.00 -122.64 2699.00
917.00 -118.44 2699.00
919.00 -112.98 2699.00
921.00 -111.03 2699.00
923.00 -103.86 2699.00
925.00 -89.41 2699.00
927.00 -78.25 2699.00
929.00 -78.19 2699.00
931.00 -83.61 2699.00
933.00 -88.13 2699.00
935.00 -84.22 2699.00
937.00 -77.17 2699.00
939.00 -78.96 2699.00
941.00 -75.49 2699.00
943.00 -70.85 2699.00
945.00 -74.15 2699.00
947.00 -73.19 2699.00
949.00 -64.99 2699.00
951.00 -51.90 2699.00
953.00 -46.68 2699.00
955.00 -48.33 2699.00
957.00 -45.66 2699.00
959.00 -40.30 2699.00
961.00 -35.10 2699.00
963.00 -31.57 2699.00
965.00 -26.91 2699.00
967.00 -18.22 2699.00
969.00 -8.57 2699.00
971.00 -0.98 2699.00
973.00 5.72 2699.00
975.00 13.75 2699.00
977.00 24.15 2699.00
979.00 26.34 2699.00
981.00 20.91 2699.00
983.00 19.74 2699.00
985.00 21.34 2699.00
987.00 23.32 2699.00
989.00 28.03 2699.00
991.00 38.39 2699.00
993.00 44.10 2699.00
995.00 48.39 2699.00
997.00 57.44 2699.00
999.00 56.84 2699.00
1001.00 51.55 2699.00
1003.00 52.52 2699.00
1005.00 60.13 2699.00
1007.00 69.90 2699.00
1009.00 71.34 2699.00
1011.00 67.00 2699.00
1013.00 64.04 2699.00
1015.00 65.11 2699.00
1017.00 71.65 2699.00
1019.00 71.30 2699.00
1021.00 65.00 2699.00
1023.00 65.44 2699.00
1025.00 69.16 2699.00
1027.00 74.00 2699.00
1029.00 80.08 2699.00
1031.00 86.27 2699.00
1033.00 88.48 2699.00
1035.00 83.33 2699.00
1037.00 81.84 2699.00
1039.00 86.51 2699.00
1041.00 89.00 2699.00
1043.00 89.45 2699.00
1045.00 90.11 2699.00
1047.00 92.63 2699.00
1049.00 95.29 2699.00
1051.00 94.80 2699.00
1053.00 91.97 2699.00
1055.00 91.75 2699.00
1057.00 93.87 2699.00
1059.00 87.73 2699.00
1061.00 78.43 2699.00
1063.00 78.13 2699.00
1065.00 83.98 2699.00
1067.00 92.76 2699.00
1069.00 96.63 2699.00
1071.00 97.15 2699.00
1073.00 99.00 2699.00
1075.00 95.59 2699.00
1077.00 93.62 2699.00
1079.00 99.37 2699.00
1081.00 108.44 2699.00
1083.00 111.09 2699.00
1085.00 103.42 2699.00
1087.00 95.71 2699.00
1089.00 96.90 2699.00
1091.00 107.13 2699.00
1093.00 112.09 2699.00
1095.00 107.94 2699.00
1097.00 102.51 2699.00
1099.00 101.84 2699.00
1101.00 110.37 2699.00
1103.00 114.00 2699.00
1105.00 114.14 2699.00
1107.00 118.81 2699.00
1109.00 116.39 2699.00
1111.00 111.44 2699.00
1113.00 113.00 2699.00
1115.00 120.64 2699.00
1117.00 128.67 2699.00
1119.00 124.00 2699.00
1121.00 113.93 2699.00
1123.00 111.78 2699.00
1125.00 117.59 2699.00
1127.00 126.45 2699.00
1129.00 128.24 2699.00
1131.00 128.81 2699.00
1133.00 131.65 2699.00
1135.00 127.75 2699.00
1137.00 120.91 2699.00
1139.00 119.37 2699.00
1141.00 126.22 2699.00
1143.00 127.91 2699.00
1145.00 120.53 2699.00
1147.00 116.23 2699.00
1149.00 115.01 2699.00
1151.00 114.52 2699.00
1153.00 114.01 2699.00
1155.00 113.24 2699.00
1157.00 112.18 2699.00
1159.00 110.90 2699.00
1161.00 109.71 2699.00
1163.00 109.56 2699.00
1165.00 113.52 2699.00
1167.00 117.94 2699.00
1169.00 111.82 2699.00
1171.00 101.78 2699.00
1173.00 96.82 2699.00
1175.00 93.45 2699.00
1177.00 90.38 2699.00
1179.00 87.18 2699.00
1181.00 83.75 2699.00
1183.00 80.15 2699.00
1185.00 76.85 2699.00
1187.00 75.57 2699.00
1189.00 75.06 2699.00
1191.00 73.01 2699.00
1193.00 71.23 2699.00
1195.00 73.05 2699.00
1197.00 78.40 2699.00
1199.00 76.76 2699.00
1201.00 73.48 2699.00
1203.00 75.44 2699.00
1205.00 71.52 2699.00
1207.00 63.05 2699.00
1209.00 56.86 2699.00
1211.00 53.39 2699.00
1213.00 51.12 2699.00
1215.00 54.18 2699.00
1217.00 58.19 2699.00
1219.00 54.22 2699.00
1221.00 49.20 2699.00
1223.00 47.82 2699.00
1225.00 47.23 2699.00
1227.00 46.59 2699.00
1229.00 45.65 2699.00
1231.00 44.38 2699.00
1233.00 42.91 2699.00
1235.00 41.88 2699.00
1237.00 43.48 2699.00
1239.00 47.77 2699.00
1241.00 52.53 2699.00
1243.00 50.36 2699.00
1245.00 42.92 2699.00
1247.00 38.50 2699.00
1249.00 36.03 2699.00
1251.00 34.30 2699.00
1253.00 32.87 2699.00
1255.00 31.58 2699.00
1257.00 30.37 2699.00
1259.00 29.23 2699.00
1261.00 28.16 2699.00
1263.00 27.13 2699.00
1265.00 26.16 2699.00
1267.00 25.22 2699.00
1269.00 24.32 2699.00
1271.00 37.23 1700.00
1273.00 35.89 1700.00
1275.00 34.57 1700.00
1277.00 33.29 1700.00
1279.00 32.02 1700.00
1281.00 30.79 1700.00
1283.00 29.57 1700.00
1285.00 28.37 1700.00
1287.00 27.19 1700.00
1289.00 26.02 1700.00
1291.00 24.88 1700.00
1293.00 23.75 1700.00
1295.00 22.64 1700.00
1297.00 21.55 1700.00
1299.00 20.47 1700.00
1301.00 19.41 1700.00
1303.00 18.38 1700.00
1305.00 17.35 1700.00
1307.00 16.35 1700.00
1309.00 15.37 1700.00
1311.00 14.40 1700.00
1313.00 13.46 1700.00
1315.00 12.53 1700.00
1317.00 11.62 1700.00
1319.00 10.73 1700.00
1321.00 9.86 1700.00
1323.00 9.00 1700.00
1325.00 8.17 1700.00
1327.00 7.35 1700.00
1329.00 6.55 1700.00
1331.00 5.76 1700.00
1333.00 5.00 1700.00
1335.00 4.25 1700.00
1337.00 3.52 1700.00
1339.00 2.80 1700.00
1341.00 2.10 1700.00
1343.00 1.42 1700.00
1345.00 0.75 1700.00
1347.00 0.10 1700.00
1349.00 -0.53 1700.00
1351.00 -1.15 1700.00
1353.00 -1.76 1700.00
1355.00 -2.34 1700.00
1357.00 -2.92 1700.00
1359.00 -3.48 1700.00
1361.00 -4.03 1700.00
1363.00 -4.56 1700.00
1365.00 -5.07 1700.00
1367.00 -5.58 1700.00
1369.00 -6.07 1700.00
1371.00 -6.55 1700.00
1373.00 -7.01 1700.00
1375.00 -7.46 1700.00
1377.00 -7.90 1700.00
1379.00 -8.33 1700.00
1381.00 -8.74 1700.00
1383.00 -9.14 1700.00
1385.00 -9.53 1700.00
1387.00 -9.91 1700.00
1389.00 -10.28 1700.00
1391.00 -10.63 1700.00
1393.00 -10.97 1700.00
1395.00 -11.31 1700.00
1397.00 -11.63 1700.00
1399.00 -11.94 1700.00
1401.00 -12.24 1700.00
1403.00 -12.53 1700.00
1405.00 -12.81 1700.00
1407.00 -13.08 1700.00
1409.00 -13.34 1700.00
1411.00 -13.59 1700.00
1413.00 -13.83 1700.00
1415.00 -14.06 1700.00
1417.00 -14.28 1700.00
1419.00 -14.50 1700.00
1421.00 -14.70 1700.00
1423.00 -14.89 1700.00
1425.00 -15.08 1700.00
1427.00 -15.25 1700.00
1429.00 -15.42 1700.00
1431.00 -15.58 1700.00
1433.00 -15.73 1700.00
1435.00 -15.87 1700.00
1437.00 -16.01 1700.00
1439.00 -16.13 1700.00
1441.00 -16.25 1700.00
1443.00 -16.36 1700.00
1445.00 -16.46 1700.00
1447.00 -16.55 1700.00
1449.00 -16.64 1700.00
1451.00 -16.71 1700.00
1453.00 -16.78 1700.00
1455.00 -16.84 1700.00
1457.00 -16.90 1700.00
1459.00 -16.94 1700.00
1461.00 -16.98 1700.00
1463.00 -17.01 1700.00
1465.00 -17.03 1700.00
1467.00 -17.05 1700.00
1469.00 -17.06 1700.00
