1.00 -150.94 1700.00
3.00 -150.93 1700.00
5.00 -150.91 1700.00
7.00 -150.88 1700.00
9.00 -150.83 1700.00
11.00 -150.78 1700.00
13.00 -150.72 1700.00
15.00 -150.64 1700.00
17.00 -150.56 1700.00
19.00 -150.46 1700.00
21.00 -150.35 1700.00
23.00 -150.23 1700.00
25.00 -150.11 1700.00
27.00 -149.97 1700.00
29.00 -149.82 1700.00
31.00 -149.66 1700.00
33.00 -149.48 1700.00
35.00 -149.30 1700.00
37.00 -149.11 1700.00
39.00 -148.91 1700.00
41.00 -148.69 1700.00
43.00 -148.47 1700.00
45.00 -148.24 1700.00
47.00 -147.99 1700.00
49.00 -147.74 1700.00
51.00 -147.47 1700.00
53.00 -147.20 1700.00
55.00 -146.92 1700.00
57.00 -146.62 1700.00
59.00 -146.32 1700.00
61.00 -146.01 1700.00
63.00 -145.68 1700.00
65.00 -145.35 1700.00
67.00 -145.01 1700.00
69.00 -144.67 1700.00
71.00 -144.31 1700.00
73.00 -143.94 1700.00
75.00 -143.57 1700.00
77.00 -143.19 1700.00
79.00 -142.81 1700.00
81.00 -142.41 1700.00
83.00 -142.01 1700.00
85.00 -141.61 1700.00
87.00 -141.20 1700.00
89.00 -140.79 1700.00
91.00 -140.37 1700.00
93.00 -139.95 1700.00
95.00 -139.53 1700.00
97.00 -139.10 1700.00
99.00 -138.68 1700.00
101.00 -138.25 1700.00
103.00 -137.83 1700.00
105.00 -137.41 1700.00
107.00 -136.99 1700.00
109.00 -136.58 1700.00
111.00 -136.17 1700.00
113.00 -135.77 1700.00
115.00 -135.37 1700.00
117.00 -134.99 1700.00
119.00 -134.61 1700.00
121.00 -134.25 1700.00
123.00 -133.91 1700.00
125.00 -133.58 1700.00
127.00 -133.27 1700.00
129.00 -132.97 1700.00
131.00 -132.70 1700.00
133.00 -132.45 1700.00
135.00 -132.23 1700.00
137.00 -132.04 1700.00
139.00 -131.88 1700.00
141.00 -131.75 1700.00
143.00 -131.65 1700.00
145.00 -131.60 1700.00
147.00 -131.59 1700.00
149.00 -131.62 1700.00
151.00 -131.71 1700.00
153.00 -131.85 1700.00
155.00 -132.06 1700.00
157.00 -132.34 1700.00
159.00 -132.69 1700.00
161.00 -133.14 1700.00
163.00 -133.68 1700.00
165.00 -134.34 1700.00
167.00 -135.12 1700.00
169.00 -136.05 1700.00
171.00 -137.13 1700.00
173.00 -138.39 1700.00
175.00 -139.86 1700.00
177.00 -141.53 1700.00
179.00 -143.43 1700.00
181.00 -145.58 1700.00
183.00 -147.97 1700.00
185.00 -150.60 1700.00
187.00 -153.44 1700.00
189.00 -156.46 1700.00
191.00 -159.58 1700.00
193.00 -162.66 1700.00
195.00 -165.46 1700.00
197.00 -167.50 1700.00
199.00 -167.91 1700.00
201.00 -165.43 1700.00
203.00 -159.88 1700.00
205.00 -154.09 1700.00
207.00 -149.84 1700.00
209.00 -145.98 1700.00
211.00 -141.57 1700.00
213.00 -136.20 1700.00
215.00 -130.00 1700.00
217.00 -123.68 1700.00
219.00 -118.92 1700.00
221.00 -118.79 1700.00
223.00 -125.26 1700.00
225.00 -136.32 1700.00
227.00 -146.53 1700.00
229.00 -135.48 1700.00
231.00 -109.38 1700.00
233.00 -103.91 1700.00
235.00 -116.36 1700.00
237.00 -102.09 1700.00
239.00 -58.76 1700.00
241.00 -35.97 1700.00
243.00 -40.47 1700.00
245.00 -42.09 1700.00
247.00 -29.18 1700.00
249.00 -23.07 1700.00
251.00 -18.98 1700.00
253.00 -4.05 1700.00
255.00 15.90 1700.00
257.00 35.41 1700.00
259.00 36.37 1700.00
261.00 31.23 1700.00
263.00 27.12 1700.00
265.00 26.79 1700.00
267.00 26.96 1700.00
269.00 21.96 1700.00
271.00 21.69 1700.00
273.00 25.12 1700.00
275.00 27.51 1700.00
277.00 27.82 1700.00
279.00 27.81 1700.00
281.00 29.93 1700.00
283.00 36.30 1700.00
285.00 45.17 1700.00
287.00 56.11 1700.00
289.00 56.12 1700.00
291.00 46.29 1700.00
293.00 41.78 1700.00
295.00 32.82 1700.00
297.00 23.88 1700.00
299.00 22.01 1700.00
301.00 21.29 1700.00
303.00 33.82 1700.00
305.00 61.81 1700.00
307.00 81.00 1700.00
309.00 79.11 1700.00
311.00 49.23 2699.00
313.00 51.91 2699.00
315.00 52.10 2699.00
317.00 55.41 2699.00
319.00 55.27 2699.00
321.00 53.23 2699.00
323.00 58.17 2699.00
325.00 68.48 2699.00
327.00 81.16 2699.00
329.00 85.65 2699.00
331.00 85.29 2699.00
333.00 89.34 2699.00
335.00 93.61 2699.00
337.00 94.34 2699.00
339.00 135.21 2699.00
341.00 177.97 2699.00
343.00 185.11 2699.00
345.00 177.44 2699.00
347.00 178.29 2699.00
349.00 183.87 2699.00
351.00 196.55 2699.00
353.00 205.46 2699.00
355.00 202.93 2699.00
357.00 205.13 2699.00
359.00 212.08 2699.00
361.00 217.14 2699.00
363.00 221.74 2699.00
365.00 226.42 2699.00
367.00 230.80 2699.00
369.00 235.27 2699.00
371.00 246.79 2699.00
373.00 254.36 2699.00
375.00 248.92 2699.00
377.00 248.10 2699.00
379.00 253.07 2699.00
381.00 256.31 2699.00
383.00 259.23 2699.00
385.00 262.40 2699.00
387.00 265.58 2699.00
389.00 268.68 2699.00
391.00 271.67 2699.00
393.00 274.55 2699.00
395.00 277.38 2699.00
397.00 280.02 2699.00
399.00 282.47 2699.00
401.00 289.91 2699.00
403.00 297.34 2699.00
405.00 294.37 2699.00
407.00 291.16 2699.00
409.00 293.09 2699.00
411.00 294.77 2699.00
413.00 296.10 2699.00
415.00 297.25 2699.00
417.00 298.29 2699.00
419.00 299.39 2699.00
421.00 299.89 2699.00
423.00 298.33 2699.00
425.00 301.21 2699.00
427.00 306.57 2699.00
429.00 303.69 2699.00
431.00 299.91 2699.00
433.00 300.14 2699.00
435.00 299.97 2699.00
437.00 300.40 2699.00
439.00 303.42 2699.00
441.00 305.09 2699.00
443.00 302.51 2699.00
445.00 301.04 2699.00
447.00 301.58 2699.00
449.00 301.34 2699.00
451.00 304.51 2699.00
453.00 308.06 2699.00
455.00 302.71 2699.00
457.00 295.19 2699.00
459.00 291.29 2699.00
461.00 292.86 2699.00
463.00 288.45 2699.00
465.00 275.66 2699.00
467.00 267.45 2699.00
469.00 260.94 2699.00
471.00 254.17 2699.00
473.00 247.81 2699.00
475.00 248.29 2699.00
477.00 253.45 2699.00
479.00 247.38 2699.00
481.00 237.17 2699.00
483.00 232.19 2699.00
485.00 230.76 2699.00
487.00 236.91 2699.00
489.00 236.46 2699.00
491.00 230.47 2699.00
493.00 229.83 2699.00
495.00 234.73 2699.00
497.00 242.42 2699.00
499.00 237.93 2699.00
501.00 236.12 2699.00
503.00 244.49 2699.00
505.00 230.07 2699.00
507.00 178.53 2699.00
509.00 173.86 2699.00
511.00 172.20 2699.00
513.00 166.16 2699.00
515.00 154.81 2699.00
517.00 143.46 2699.00
519.00 132.64 2699.00
521.00 121.90 2699.00
523.00 110.53 2699.00
525.00 105.62 2699.00
527.00 107.70 2699.00
529.00 93.70 2699.00
531.00 75.98 2699.00
533.00 73.09 2699.00
535.00 120.14 1700.00
537.00 122.95 1700.00
539.00 112.14 1700.00
541.00 93.70 1700.00
543.00 73.03 1700.00
545.00 51.98 1700.00
547.00 34.71 1700.00
549.00 20.41 1700.00
551.00 8.22 1700.00
553.00 -2.34 1700.00
555.00 -11.60 1700.00
557.00 -19.98 1700.00
559.00 -28.31 1700.00
561.00 -38.28 1700.00
563.00 -50.46 1700.00
565.00 -60.74 1700.00
567.00 -66.76 1700.00
569.00 -70.50 1700.00
571.00 -73.15 1700.00
573.00 -75.22 1700.00
575.00 -76.97 1700.00
577.00 -78.67 1700.00
579.00 -80.94 1700.00
581.00 -85.36 1700.00
583.00 -92.71 1700.00
585.00 -98.79 1700.00
587.00 -101.24 1700.00
589.00 -102.20 1700.00
591.00 -102.70 1700.00
593.00 -103.33 1700.00
595.00 -105.02 1700.00
597.00 -110.19 1700.00
599.00 -116.58 1700.00
601.00 -119.98 1700.00
603.00 -121.49 1700.00
605.00 -123.03 1700.00
607.00 -126.58 1700.00
609.00 -126.96 1700.00
611.00 -115.43 1700.00
613.00 -114.49 1700.00
615.00 -129.69 1700.00
617.00 -139.00 1700.00
619.00 -142.95 1700.00
621.00 -146.43 1700.00
623.00 -151.08 1700.00
625.00 -155.44 1700.00
627.00 -158.33 1700.00
629.00 -159.90 1700.00
631.00 -158.30 1700.00
633.00 -157.68 1700.00
635.00 -162.39 1700.00
637.00 -171.11 1700.00
639.00 -178.81 1700.00
641.00 -182.57 1700.00
643.00 -185.99 1700.00
645.00 -190.13 1700.00
647.00 -194.56 1700.00
649.00 -199.14 1700.00
651.00 -203.75 1700.00
653.00 -208.13 1700.00
655.00 -211.55 1700.00
657.00 -214.54 1700.00
659.00 -208.89 1700.00
661.00 -201.98 1700.00
663.00 -219.66 1700.00
665.00 -236.27 1700.00
667.00 -237.69 1700.00
669.00 -240.55 1700.00
671.00 -240.54 1700.00
673.00 -240.30 1700.00
675.00 -227.73 1700.00
677.00 -231.36 1700.00
679.00 -253.75 1700.00
681.00 -162.97 2699.00
683.00 -162.65 2699.00
685.00 -163.11 2699.00
687.00 -163.83 2699.00
689.00 -164.63 2699.00
691.00 -165.39 2699.00
693.00 -166.00 2699.00
695.00 -166.36 2699.00
697.00 -166.36 2699.00
699.00 -165.93 2699.00
701.00 -165.05 2699.00
703.00 -163.69 2699.00
705.00 -161.88 2699.00
707.00 -159.82 2699.00
709.00 -158.15 2699.00
711.00 -153.00 2699.00
713.00 -136.21 2699.00
715.00 -206.31 1700.00
717.00 -137.29 2699.00
719.00 -135.40 2699.00
721.00 -130.93 2699.00
723.00 -128.80 2699.00
725.00 -127.88 2699.00
727.00 -129.77 2699.00
729.00 -136.89 2699.00
731.00 -141.87 2699.00
733.00 -115.99 2699.00
735.00 -86.19 2699.00
737.00 -74.93 2699.00
739.00 -80.75 2699.00
741.00 -82.84 2699.00
743.00 -54.71 2699.00
745.00 -29.46 2699.00
747.00 -31.98 2699.00
749.00 -38.38 2699.00
751.00 -42.11 2699.00
753.00 -42.36 2699.00
755.00 -41.02 2699.00
757.00 -48.33 2699.00
759.00 -82.65 2699.00
761.00 -118.32 2699.00
763.00 -121.69 2699.00
765.00 -115.65 2699.00
767.00 -115.23 2699.00
769.00 -118.51 2699.00
771.00 -118.37 2699.00
773.00 -117.22 2699.00
775.00 -115.16 2699.00
777.00 -100.90 2699.00
779.00 -86.20 2699.00
781.00 -96.82 2699.00
783.00 -122.13 2699.00
785.00 -155.03 2699.00
787.00 -181.36 2699.00
789.00 -180.87 2699.00
791.00 -176.22 2699.00
793.00 -174.94 2699.00
795.00 -175.34 2699.00
797.00 -176.39 2699.00
799.00 -177.27 2699.00
801.00 -178.97 2699.00
803.00 -184.10 2699.00
805.00 -187.83 2699.00
807.00 -188.16 2699.00
809.00 -188.93 2699.00
811.00 -189.78 2699.00
813.00 -190.48 2699.00
815.00 -190.94 2699.00
817.00 -191.14 2699.00
819.00 -191.06 2699.00
821.00 -190.69 2699.00
823.00 -190.04 2699.00
825.00 -189.14 2699.00
827.00 -188.05 2699.00
829.00 -186.79 2699.00
831.00 -185.43 2699.00
833.00 -184.01 2699.00
835.00 -182.57 2699.00
837.00 -181.08 2699.00
839.00 -179.36 2699.00
841.00 -178.05 2699.00
843.00 -179.34 2699.00
845.00 -178.35 2699.00
847.00 -165.85 2699.00
849.00 -168.21 2699.00
851.00 -177.41 2699.00
853.00 -176.06 2699.00
855.00 -177.18 2699.00
857.00 -175.83 2699.00
859.00 -174.16 2699.00
861.00 -172.63 2699.00
863.00 -171.52 2699.00
865.00 -170.09 2699.00
867.00 -166.89 2699.00
869.00 -160.99 2699.00
871.00 -152.62 2699.00
873.00 -152.43 2699.00
875.00 -158.84 2699.00
877.00 -161.06 2699.00
879.00 -161.12 2699.00
881.00 -160.14 2699.00
883.00 -157.61 2699.00
885.00 -151.09 2699.00
887.00 -140.94 2699.00
889.00 -141.12 2699.00
891.00 -148.53 2699.00
893.00 -149.36 2699.00
895.00 -144.41 2699.00
897.00 -135.63 2699.00
899.00 -136.10 2699.00
901.00 -143.11 2699.00
903.00 -145.22 2699.00
905.00 -145.49 2699.00
907.00 -145.45 2699.00
909.00 -145.36 2699.00
911.00 -139.05 2699.00
913.00 -133.13 2699.00
915.00 -133.75 2699.00
917.00 -129.38 2699.00
919.00 -123.75 2699.00
921.00 -121.62 2699.00
923.00 -114.27 2699.00
925.00 -99.63 2699.00
927.00 -88.29 2699.00
929.00 -88.04 2699.00
931.00 -93.28 2699.00
933.00 -97.61 2699.00
935.00 -93.52 2699.00
937.00 -86.27 2699.00
939.00 -87.87 2699.00
941.00 -84.20 2699.00
943.00 -79.35 2699.00
945.00 -82.43 2699.00
947.00 -81.23 2699.00
949.00 -72.79 2699.00
951.00 -59.46 2699.00
953.00 -53.98 2699.00
955.00 -55.38 2699.00
957.00 -52.44 2699.00
959.00 -46.82 2699.00
961.00 -41.35 2699.00
963.00 -37.56 2699.00
965.00 -32.63 2699.00
967.00 -23.67 2699.00
969.00 -13.75 2699.00
971.00 -5.89 2699.00
973.00 1.09 2699.00
975.00 9.40 2699.00
977.00 20.10 2699.00
979.00 22.57 2699.00
981.00 17.43 2699.00
983.00 16.56 2699.00
985.00 18.45 2699.00
987.00 20.74 2699.00
989.00 25.75 2699.00
991.00 36.42 2699.00
993.00 42.45 2699.00
995.00 47.05 2699.00
997.00 56.42 2699.00
999.00 56.14 2699.00
1001.00 51.16 2699.00
1003.00 52.45 2699.00
1005.00 60.37 2699.00
1007.00 70.45 2699.00
1009.00 72.21 2699.00
1011.00 68.18 2699.00
1013.00 65.53 2699.00
1015.00 66.92 2699.00
1017.00 73.78 2699.00
1019.00 73.75 2699.00
1021.00 67.77 2699.00
1023.00 68.54 2699.00
1025.00 72.59 2699.00
1027.00 77.75 2699.00
1029.00 84.15 2699.00
1031.00 90.67 2699.00
1033.00 93.21 2699.00
1035.00 88.37 2699.00
1037.00 87.20 2699.00
1039.00 92.18 2699.00
1041.00 94.97 2699.00
1043.00 95.73 2699.00
1045.00 96.68 2699.00
1047.00 99.49 2699.00
1049.00 102.43 2699.00
1051.00 102.22 2699.00
1053.00 99.67 2699.00
1055.00 99.72 2699.00
1057.00 102.11 2699.00
1059.00 96.24 2699.00
1061.00 87.23 2699.00
1063.00 87.21 2699.00
1065.00 93.34 2699.00
1067.00 102.41 2699.00
1069.00 106.55 2699.00
1071.00 107.36 2699.00
1073.00 109.47 2699.00
1075.00 106.33 2699.00
1077.00 104.61 2699.00
1079.00 110.60 2699.00
1081.00 119.90 2699.00
1083.00 122.75 2699.00
1085.00 115.26 2699.00
1087.00 107.72 2699.00
1089.00 109.07 2699.00
1091.00 119.44 2699.00
1093.00 124.54 2699.00
1095.00 120.53 2699.00
1097.00 115.23 2699.00
1099.00 114.69 2699.00
1101.00 123.36 2699.00
1103.00 127.13 2699.00
1105.00 127.41 2699.00
1107.00 132.22 2699.00
1109.00 129.94 2699.00
1111.00 125.11 2699.00
1113.00 126.81 2699.00
1115.00 134.57 2699.00
1117.00 142.71 2699.00
1119.00 138.14 2699.00
1121.00 128.18 2699.00
1123.00 126.11 2699.00
1125.00 131.99 2699.00
1127.00 140.92 2699.00
1129.00 142.77 2699.00
1131.00 143.39 2699.00
1133.00 146.27 2699.00
1135.00 142.41 2699.00
1137.00 135.59 2699.00
1139.00 134.07 2699.00
1141.00 140.92 2699.00
1143.00 142.61 2699.00
1145.00 135.22 2699.00
1147.00 130.91 2699.00
1149.00 129.67 2699.00
1151.00 129.15 2699.00
1153.00 128.59 2699.00
1155.00 127.77 2699.00
1157.00 126.66 2699.00
1159.00 125.31 2699.00
1161.00 124.05 2699.00
1163.00 123.83 2699.00
1165.00 127.71 2699.00
1167.00 132.06 2699.00
1169.00 125.86 2699.00
1171.00 115.75 2699.00
1173.00 110.72 2699.00
1175.00 107.28 2699.00
1177.00 104.15 2699.00
1179.00 100.88 2699.00
1181.00 97.36 2699.00
1183.00 93.68 2699.00
1185.00 90.28 2699.00
1187.00 88.89 2699.00
1189.00 88.25 2699.00
1191.00 86.07 2699.00
1193.00 84.15 2699.00
1195.00 85.82 2699.00
1197.00 91.03 2699.00
1199.00 89.23 2699.00
1201.00 85.80 2699.00
1203.00 87.60 2699.00
1205.00 83.52 2699.00
1207.00 74.88 2699.00
1209.00 68.53 2699.00
1211.00 64.89 2699.00
1213.00 62.46 2699.00
1215.00 65.36 2699.00
1217.00 69.20 2699.00
1219.00 65.06 2699.00
1221.00 59.87 2699.00
1223.00 58.32 2699.00
1225.00 57.55 2699.00
1227.00 56.74 2699.00
1229.00 55.63 2699.00
1231.00 54.17 2699.00
1233.00 52.53 2699.00
1235.00 51.32 2699.00
1237.00 52.75 2699.00
1239.00 56.85 2699.00
1241.00 61.43 2699.00
1243.00 59.08 2699.00
1245.00 51.46 2699.00
1247.00 46.85 2699.00
1249.00 44.19 2699.00
1251.00 42.28 2699.00
1253.00 40.66 2699.00
1255.00 39.18 2699.00
1257.00 37.78 2699.00
1259.00 36.46 2699.00
1261.00 35.19 2699.00
1263.00 33.98 2699.00
1265.00 32.81 2699.00
1267.00 31.69 2699.00
1269.00 30.60 2699.00
1271.00 46.89 1700.00
1273.00 45.24 1700.00
1275.00 43.63 1700.00
1277.00 42.04 1700.00
1279.00 40.48 1700.00
1281.00 38.94 1700.00
1283.00 37.42 1700.00
1285.00 35.92 1700.00
1287.00 34.44 1700.00
1289.00 32.97 1700.00
1291.00 31.53 1700.00
1293.00 30.10 1700.00
1295.00 28.70 1700.00
1297.00 27.31 1700.00
1299.00 25.94 1700.00
1301.00 24.59 1700.00
1303.00 23.26 1700.00
1305.00 21.94 1700.00
1307.00 20.65 1700.00
1309.00 19.38 1700.00
1311.00 18.13 1700.00
1313.00 16.90 1700.00
1315.00 15.69 1700.00
1317.00 14.50 1700.00
1319.00 13.33 1700.00
1321.00 12.18 1700.00
1323.00 11.05 1700.00
1325.00 9.94 1700.00
1327.00 8.85 1700.00
1329.00 7.78 1700.00
1331.00 6.73 1700.00
1333.00 5.70 1700.00
1335.00 4.69 1700.00
1337.00 3.70 1700.00
1339.00 2.73 1700.00
1341.00 1.77 1700.00
1343.00 0.84 1700.00
1345.00 -0.07 1700.00
1347.00 -0.97 1700.00
1349.00 -1.85 1700.00
1351.00 -2.71 1700.00
1353.00 -3.55 1700.00
1355.00 -4.37 1700.00
1357.00 -5.18 1700.00
1359.00 -5.97 1700.00
1361.00 -6.74 1700.00
1363.00 -7.49 1700.00
1365.00 -8.22 1700.00
1367.00 -8.94 1700.00
1369.00 -9.65 1700.00
1371.00 -10.33 1700.00
1373.00 -11.00 1700.00
1375.00 -11.65 1700.00
1377.00 -12.29 1700.00
1379.00 -12.91 1700.00
1381.00 -13.51 1700.00
1383.00 -14.10 1700.00
1385.00 -14.67 1700.00
1387.00 -15.23 1700.00
1389.00 -15.77 1700.00
1391.00 -16.30 1700.00
1393.00 -16.81 1700.00
1395.00 -17.31 1700.00
1397.00 -17.79 1700.00
1399.00 -18.26 1700.00
1401.00 -18.71 1700.00
1403.00 -19.15 1700.00
1405.00 -19.57 1700.00
1407.00 -19.98 1700.00
1409.00 -20.38 1700.00
1411.00 -20.76 1700.00
1413.00 -21.13 1700.00
1415.00 -21.48 1700.00
1417.00 -21.82 1700.00
1419.00 -22.15 1700.00
1421.00 -22.46 1700.00
1423.00 -22.76 1700.00
1425.00 -23.05 1700.00
1427.00 -23.32 1700.00
1429.00 -23.59 1700.00
1431.00 -23.83 1700.00
1433.00 -24.07 1700.00
1435.00 -24.29 1700.00
1437.00 -24.50 1700.00
1439.00 -24.70 1700.00
1441.00 -24.88 1700.00
1443.00 -25.05 1700.00
1445.00 -25.21 1700.00
1447.00 -25.36 1700.00
1449.00 -25.49 1700.00
1451.00 -25.62 1700.00
1453.00 -25.73 1700.00
1455.00 -25.82 1700.00
1457.00 -25.91 1700.00
1459.00 -25.98 1700.00
1461.00 -26.04 1700.00
1463.00 -26.09 1700.00
1465.00 -26.13 1700.00
1467.00 -26.15 1700.00
1469.00 -26.16 1700.00
